Nb de frequency :   120
 0.2000
  0.367433E-06 -0.886189E-10 -0.394022E-08 -0.198866E-10  0.837041E-06 -0.189414E-10
  0.285228E-10  0.943221E-06 -0.129021E-06 -0.394266E-06  0.796983E-10 -0.819299E-10
 -0.465661E-10  0.149943E-07  0.287426E+00 -0.592408E-08 -0.482946E-08  0.451109E-10
 -0.227554E-10 -0.369891E-06 -0.355132E-08  0.151964E-06  0.576786E-10  0.392969E-10
  0.549006E-06  0.128907E-09  0.447293E-08  0.491507E-10  0.124910E-05 -0.707102E-10
  0.828047E-12 -0.114716E-09 -0.513864E-08  0.918207E-11  0.763982E-11 -0.676262E-09
 0.5345
  0.718096E-05 -0.551704E-10  0.367121E-08 -0.269719E-11  0.163231E-04  0.398113E-10
  0.237573E-10  0.187811E-04 -0.384605E-06 -0.769574E-05 -0.506748E-09  0.244192E-09
 -0.466640E-08 -0.311093E-07  0.775894E+00  0.114949E-07 -0.137432E-07  0.213876E-09
  0.322799E-10 -0.722311E-05  0.951435E-08  0.296180E-05  0.157193E-09 -0.308984E-09
  0.107022E-04  0.221532E-09  0.126665E-07 -0.423424E-10  0.243304E-04 -0.140530E-09
  0.298320E-11  0.144283E-10 -0.307060E-07 -0.358664E-10 -0.719702E-10  0.636814E-09
 0.8689
  0.322397E-04 -0.200925E-09  0.364417E-08  0.140458E-11  0.732102E-04  0.425695E-11
  0.847438E-10  0.843917E-04 -0.566506E-06 -0.345857E-04  0.357170E-09  0.293447E-09
 -0.227597E-08  0.485540E-07  0.128933E+01 -0.108741E-08 -0.744589E-08 -0.111206E-07
  0.775449E-11 -0.324516E-04  0.270848E-07  0.132950E-04 -0.286734E-09  0.180555E-09
  0.480526E-04 -0.150151E-10  0.274007E-07 -0.530528E-10  0.109112E-03  0.230548E-09
  0.329110E-10  0.200396E-09 -0.403275E-07 -0.688727E-11  0.566329E-11  0.108081E-08
 1.2034
  0.913829E-04 -0.814819E-09  0.283874E-07 -0.398620E-10  0.207139E-03 -0.735933E-10
  0.607078E-10  0.240113E-03 -0.958716E-06 -0.981276E-04  0.801650E-10 -0.428247E-09
  0.749480E-08  0.504323E-08  0.184209E+01  0.213287E-07 -0.960709E-08 -0.134486E-07
 -0.111959E-09 -0.920310E-04  0.157764E-07  0.376103E-04  0.934933E-09 -0.312303E-10
  0.135985E-03  0.233994E-08  0.434251E-07 -0.113378E-10  0.308237E-03  0.130838E-09
  0.115464E-09  0.731655E-10 -0.629311E-07 -0.143290E-11  0.211892E-09  0.110651E-07
 1.5378
  0.207957E-03 -0.755263E-10  0.329812E-07 -0.109050E-10  0.470291E-03  0.206320E-09
  0.692237E-09  0.549246E-03 -0.998970E-06 -0.223637E-03  0.230185E-09  0.436855E-10
  0.966736E-08  0.773389E-07  0.245462E+01  0.253768E-07 -0.141808E-07  0.262943E-08
 -0.861035E-11 -0.209735E-03  0.558371E-07  0.853920E-04  0.396641E-09 -0.651228E-09
  0.308810E-03 -0.136507E-08  0.523282E-08  0.712211E-09  0.698369E-03  0.811645E-09
  0.180463E-09  0.590189E-09 -0.107097E-06  0.611949E-10  0.801556E-10  0.412646E-07
 1.8723
  0.418382E-03 -0.151210E-08  0.402927E-07 -0.108235E-09  0.943472E-03 -0.143303E-09
  0.741578E-09  0.111275E-02 -0.114898E-05 -0.450934E-03  0.143905E-08  0.243796E-09
 -0.261553E-08  0.170881E-06  0.314988E+01 -0.438646E-08 -0.174198E-07 -0.679765E-08
 -0.353495E-09 -0.422820E-03  0.447526E-07  0.171352E-03 -0.281631E-09 -0.702080E-10
  0.619677E-03  0.504034E-09  0.380384E-07 -0.168898E-09  0.139740E-02 -0.124519E-09
  0.208895E-09 -0.529871E-09 -0.129170E-06  0.788066E-10  0.546040E-09  0.139189E-06
 2.2067
  0.781025E-03 -0.212341E-08  0.704829E-07 -0.244478E-09  0.175541E-02  0.658548E-10
  0.559703E-09  0.209534E-02 -0.156599E-05 -0.844481E-03  0.182306E-08 -0.155336E-08
 -0.590862E-08 -0.904275E-07  0.395572E+01 -0.181112E-07  0.371642E-07  0.117209E-07
 -0.723524E-09 -0.791733E-03  0.113657E-06  0.319080E-03 -0.101217E-08  0.328176E-09
  0.115342E-02  0.511384E-08 -0.101252E-06 -0.889604E-09  0.259240E-02  0.702451E-10
  0.749234E-09  0.267182E-10 -0.843598E-07  0.189862E-09  0.116100E-08  0.372595E-06
 2.5412
  0.139066E-02 -0.406769E-09 -0.640776E-08  0.371957E-09  0.311388E-02  0.169006E-09
  0.112093E-08  0.377151E-02 -0.211102E-05 -0.151011E-02 -0.142919E-09 -0.362047E-08
  0.170103E-07 -0.144366E-06  0.490322E+01 -0.126098E-07 -0.451987E-07 -0.159379E-07
  0.360834E-09 -0.141555E-02  0.138321E-06  0.566776E-03  0.470267E-10 -0.779303E-09
  0.204649E-02  0.706299E-08 -0.425801E-07 -0.410813E-09  0.458241E-02 -0.855428E-09
  0.112287E-08  0.267845E-09 -0.770924E-07  0.959616E-10  0.250563E-08  0.945094E-06
 2.8756
  0.240001E-02 -0.355690E-09  0.900197E-07  0.391325E-09  0.535209E-02 -0.881707E-09
  0.153130E-08  0.659734E-02 -0.301936E-05 -0.262267E-02  0.321809E-08 -0.290633E-09
 -0.135581E-07  0.101769E-06  0.602887E+01  0.773731E-07 -0.294491E-07 -0.394189E-07
  0.585843E-09 -0.245737E-02  0.141624E-06  0.976896E-03 -0.625100E-09  0.461776E-11
  0.351934E-02 -0.418459E-10 -0.705653E-07  0.667573E-09  0.784832E-02  0.199487E-08
  0.184033E-08 -0.507055E-09 -0.163607E-06 -0.255536E-09  0.420639E-08  0.227700E-05
 3.2101
  0.405254E-02 -0.128460E-08  0.456531E-07  0.767478E-09  0.899867E-02  0.356551E-09
 -0.210938E-08  0.113304E-01 -0.351957E-05 -0.446747E-02 -0.398747E-08  0.145321E-08
 -0.298962E-08 -0.331848E-06  0.736775E+01 -0.257902E-06 -0.925360E-07  0.653980E-08
  0.375893E-09 -0.418441E-02 -0.687117E-07  0.164988E-02  0.163755E-08  0.204460E-09
  0.592002E-02  0.490485E-08 -0.105986E-06 -0.161670E-08  0.131457E-01 -0.313341E-08
  0.304766E-08  0.237168E-08  0.122367E-06 -0.558335E-09  0.742922E-08  0.530406E-05
 3.5445
  0.672424E-02 -0.825277E-09 -0.152515E-06 -0.739042E-09  0.148670E-01 -0.131529E-08
 -0.193102E-08  0.192031E-01 -0.155368E-05 -0.750201E-02 -0.498076E-08  0.274018E-08
  0.614831E-07  0.389531E-06  0.895320E+01  0.845393E-07  0.927856E-07  0.965058E-07
  0.144021E-08 -0.702523E-02 -0.364766E-06  0.274454E-02 -0.439266E-09 -0.154256E-08
  0.978475E-02 -0.247583E-08  0.673452E-06 -0.685044E-09  0.216345E-01 -0.463493E-08
  0.439433E-08 -0.831684E-08  0.105089E-06 -0.987597E-09  0.113226E-07  0.120526E-04
 3.8790
  0.109460E-01  0.169340E-09 -0.111786E-06  0.389835E-09  0.241019E-01  0.258420E-08
  0.950069E-08  0.320817E-01 -0.246479E-05 -0.124125E-01  0.180672E-07 -0.484472E-08
 -0.668330E-07  0.512988E-06  0.107939E+02 -0.414884E-07 -0.320221E-07  0.646880E-07
 -0.140411E-08 -0.116168E-01 -0.492057E-06  0.449463E-02 -0.456059E-08  0.855301E-09
  0.158702E-01 -0.158051E-07  0.588853E-06 -0.498495E-08  0.349468E-01  0.269886E-09
  0.180376E-08 -0.355174E-08 -0.342217E-06 -0.131957E-08  0.483848E-08  0.268284E-04
 4.2134
  0.174133E-01 -0.257518E-08 -0.965691E-07  0.772169E-09  0.382061E-01 -0.237591E-08
  0.687480E-08  0.527242E-01 -0.636041E-05 -0.201806E-01  0.147893E-07  0.123011E-08
  0.348262E-07  0.388484E-06  0.128834E+02 -0.599648E-07  0.588305E-07  0.662188E-08
 -0.268247E-10 -0.188820E-01 -0.189298E-06  0.722744E-02 -0.242078E-08 -0.185378E-09
  0.251673E-01 -0.229313E-07  0.375715E-06 -0.334926E-08  0.552261E-01  0.488977E-08
  0.110729E-07 -0.931393E-08 -0.261254E-06  0.297605E-08  0.268172E-07  0.584330E-04
 4.5479
  0.268689E-01 -0.158834E-08 -0.306400E-06  0.409493E-09  0.587938E-01  0.106716E-08
  0.204829E-07  0.846112E-01 -0.213472E-05 -0.320263E-01  0.559915E-07 -0.248384E-08
  0.190600E-07  0.931823E-06  0.151686E+02  0.100595E-07  0.855116E-07 -0.272664E-07
 -0.376816E-08 -0.299512E-01 -0.447733E-06  0.113374E-01 -0.138002E-07  0.589576E-08
  0.387435E-01  0.529445E-08  0.253207E-06 -0.263482E-08  0.847976E-01 -0.169588E-08
  0.112944E-07 -0.949279E-08 -0.334551E-06  0.417151E-09  0.289223E-07  0.123692E-03
 4.8824
  0.399207E-01  0.369447E-08  0.163374E-06 -0.341916E-08  0.872306E-01 -0.108792E-08
 -0.411721E-07  0.131734E+00 -0.341474E-05 -0.492865E-01 -0.102578E-06  0.113743E-07
  0.454705E-08 -0.318293E-06  0.175737E+02 -0.216269E-06  0.112943E-06 -0.147068E-07
 -0.861452E-09 -0.460702E-01 -0.263471E-06  0.172376E-01  0.108445E-07  0.122257E-07
  0.574980E-01 -0.369447E-08  0.753815E-07  0.222024E-08  0.125691E+00 -0.412520E-08
 -0.131943E-07 -0.483568E-08  0.505443E-06 -0.234478E-08 -0.242409E-07  0.252660E-03
 5.2168
  0.568473E-01  0.334024E-08  0.152322E-06  0.456436E-08  0.124255E+00 -0.356324E-08
  0.706005E-07  0.198202E+00  0.374908E-05 -0.732417E-01  0.196830E-06 -0.667573E-08
  0.145756E-07  0.108831E-05  0.200295E+02  0.485853E-07  0.418085E-06 -0.348448E-07
 -0.808490E-08 -0.684454E-01 -0.391406E-06  0.252955E-01 -0.161652E-07  0.470670E-08
  0.819139E-01  0.115390E-07 -0.562603E-06 -0.499138E-08  0.179178E+00 -0.114821E-08
 -0.221237E-07  0.195480E-08 -0.995631E-06  0.604558E-08 -0.532037E-07  0.495564E-03
 5.5513
  0.773227E-01  0.103400E-07 -0.200540E-06  0.542246E-08  0.169406E+00 -0.539216E-08
 -0.218110E-08  0.286864E+00  0.309858E-05 -0.104708E+00 -0.215726E-07 -0.388761E-08
 -0.794890E-07 -0.113740E-06  0.224458E+02 -0.128766E-06 -0.138818E-06 -0.967762E-07
  0.396839E-08 -0.977832E-01  0.102512E-06  0.356966E-01 -0.688500E-08 -0.139096E-08
  0.111700E+00  0.368363E-07 -0.186686E-06 -0.354429E-08  0.245031E+00 -0.154495E-08
 -0.129465E-07 -0.700779E-08  0.173060E-06 -0.157713E-08 -0.286493E-07  0.927837E-03
 5.8857
  0.100679E+00  0.116482E-07  0.434237E-07 -0.175151E-07  0.221650E+00 -0.170226E-08
  0.610673E-07  0.400201E+00  0.222849E-05 -0.144187E+00  0.166866E-06  0.928750E-08
 -0.952410E-07 -0.888003E-06  0.248094E+02 -0.170783E-06 -0.223053E-06  0.369145E-07
 -0.179862E-08 -0.134617E+00  0.153289E-06  0.485160E-01 -0.143382E-08 -0.195894E-07
  0.146130E+00 -0.740002E-07 -0.990096E-06 -0.194850E-07  0.322452E+00  0.247952E-07
 -0.147797E-07  0.114341E-07 -0.457991E-06  0.271097E-08 -0.424768E-07  0.165886E-02
 6.2202
  0.125591E+00 -0.868947E-08  0.142200E-06 -0.117783E-07  0.278605E+00  0.448051E-08
 -0.181031E-06  0.537724E+00  0.449644E-05 -0.191263E+00 -0.442290E-06 -0.113144E-07
 -0.521368E-07  0.984807E-06  0.270457E+02  0.236788E-06  0.235343E-06  0.204565E-07
  0.108392E-07 -0.178437E+00  0.904475E-07  0.634977E-01  0.229962E-07 -0.496986E-08
  0.183641E+00 -0.304132E-07  0.625461E-07  0.142562E-08  0.408990E+00 -0.201397E-07
 -0.242072E-07 -0.932308E-08  0.757585E-06 -0.962645E-08 -0.750342E-07  0.282699E-02
 6.5546
  0.150801E+00  0.473096E-07 -0.161482E-06 -0.426836E-08  0.338149E+00  0.113505E-07
  0.280424E-06  0.698510E+00  0.271448E-05 -0.245203E+00  0.739223E-06 -0.355180E-07
 -0.915670E-08 -0.213656E-05  0.291756E+02  0.948100E-07 -0.240757E-06  0.867025E-07
  0.333838E-09 -0.228664E+00  0.431271E-06  0.803306E-01  0.203250E-07  0.803596E-08
  0.222775E+00 -0.178556E-06  0.358065E-06 -0.392975E-07  0.502943E+00  0.419205E-07
  0.356670E-07  0.114459E-08 -0.121214E-05 -0.458133E-08  0.790051E-07  0.460463E-02
 6.8891
  0.174734E+00 -0.160399E-07  0.645605E-07 -0.131076E-07  0.397380E+00 -0.135587E-07
 -0.112179E-06  0.878291E+00 -0.442711E-05 -0.304326E+00 -0.298518E-06  0.552624E-08
 -0.112279E-06  0.603099E-06  0.311345E+02 -0.545356E-07 -0.317799E-06  0.603500E-07
 -0.684201E-08 -0.283677E+00  0.110745E-05  0.984083E-01 -0.198124E-07  0.269420E-09
  0.261597E+00  0.139547E-06 -0.441899E-06  0.912268E-08  0.601771E+00  0.884700E-08
 -0.723799E-07 -0.120299E-07  0.201413E-06  0.206670E-07 -0.213052E-06  0.717035E-02
 7.2235
  0.196069E+00 -0.235460E-07  0.447795E-07  0.426246E-07  0.453827E+00 -0.819906E-08
  0.212019E-06  0.107233E+01 -0.114345E-05 -0.366829E+00  0.628948E-06  0.477359E-07
  0.319553E-07  0.182986E-05  0.328571E+02 -0.315769E-06  0.207158E-06 -0.181115E-06
 -0.798883E-08 -0.341704E+00  0.381204E-06  0.117097E+00 -0.306490E-07 -0.921738E-08
  0.298382E+00  0.111003E-06  0.281081E-06  0.296690E-07  0.703931E+00  0.476702E-07
  0.137058E-06  0.168186E-07 -0.637398E-07 -0.266075E-08  0.403240E-06  0.107008E-01
 7.5580
  0.213693E+00 -0.299154E-07 -0.215017E-06  0.119607E-07  0.505145E+00 -0.945855E-08
 -0.288816E-06  0.127352E+01 -0.591577E-05 -0.430314E+00 -0.910969E-06 -0.169099E-07
 -0.131980E-07 -0.183012E-06  0.342510E+02 -0.833012E-06  0.112793E-06  0.641202E-07
 -0.261210E-07 -0.400709E+00  0.335449E-07  0.135747E+00 -0.312727E-07 -0.824186E-08
  0.331583E+00 -0.351946E-08 -0.110863E-06 -0.251861E-07  0.808717E+00  0.681070E-07
  0.376417E-07  0.171574E-07  0.276140E-06 -0.290699E-07  0.141312E-06  0.153223E-01
 7.8924
  0.226530E+00 -0.367520E-08 -0.124612E-06 -0.269898E-08  0.548606E+00  0.278224E-07
  0.103480E-06  0.147444E+01 -0.103985E-05 -0.492592E+00  0.269259E-06  0.102303E-06
 -0.211784E-06 -0.145538E-05  0.351166E+02  0.337889E-06 -0.491036E-06  0.770644E-07
 -0.522568E-08 -0.458375E+00 -0.377168E-06  0.153703E+00 -0.483850E-07 -0.118367E-07
  0.359286E+00  0.514528E-07  0.136442E-06 -0.383025E-07  0.915215E+00  0.351728E-07
  0.134805E-06  0.296313E-07 -0.560870E-06  0.309629E-07  0.372727E-06  0.211051E-01
 8.2269
  0.233861E+00  0.172393E-07 -0.249011E-06 -0.676401E-08  0.581743E+00 -0.113133E-07
 -0.141386E-06  0.166868E+01 -0.751583E-06 -0.551753E+00 -0.436119E-06 -0.185561E-07
  0.449418E-06 -0.235220E-05  0.350980E+02  0.444390E-06  0.132502E-05 -0.973898E-07
  0.131689E-07 -0.513091E+00 -0.113971E-06  0.170532E+00  0.677126E-07  0.251481E-07
  0.379783E+00  0.141745E-06  0.702978E-06  0.682986E-07  0.102397E+01  0.109391E-06
  0.230755E-07 -0.474079E-07  0.183406E-06  0.427839E-07  0.569203E-07  0.280549E-01
 8.5613
  0.234621E+00 -0.159467E-07  0.522007E-07 -0.153550E-07  0.600547E+00 -0.311460E-07
  0.969263E-07  0.184888E+01 -0.160962E-06 -0.606032E+00  0.465115E-06 -0.787059E-07
  0.150871E-06  0.106843E-05  0.335787E+02 -0.358179E-07  0.385770E-06 -0.298503E-06
 -0.517023E-08 -0.563219E+00  0.396800E-06  0.185912E+00  0.101064E-07  0.108232E-08
  0.390394E+00 -0.151494E-06  0.981722E-07 -0.586790E-07  0.113437E+01  0.386833E-07
  0.718849E-07 -0.157474E-06 -0.180273E-06  0.476144E-07  0.268109E-06  0.360898E-01
 8.8958
  0.227399E+00  0.486735E-07 -0.177866E-06 -0.387058E-07  0.599224E+00 -0.194338E-07
 -0.197413E-06  0.200929E+01  0.200079E-05 -0.654479E+00 -0.110870E-05  0.105502E-06
 -0.344987E-07  0.233012E-07  0.297139E+02  0.340917E-06  0.226839E-06 -0.284760E-06
 -0.165050E-07 -0.607644E+00  0.299290E-06  0.199767E+00 -0.186164E-07 -0.206555E-07
  0.387224E+00  0.289970E-07  0.491654E-06 -0.498386E-07  0.124457E+01 -0.157671E-06
 -0.452754E-07  0.117541E-06  0.647254E-07 -0.576137E-07 -0.166338E-06  0.450610E-01
 9.2303
  0.209789E+00 -0.116051E-06  0.185762E-06 -0.683342E-08  0.567407E+00 -0.497480E-07
  0.621892E-07  0.214698E+01 -0.697110E-06 -0.696571E+00 -0.946951E-07 -0.340160E-07
  0.889184E-07  0.128515E-05  0.229480E+02 -0.148119E-06 -0.656269E-07 -0.433410E-06
  0.100067E-07 -0.646132E+00 -0.389522E-07  0.212162E+00  0.666634E-07 -0.649763E-08
  0.363348E+00 -0.180523E-06  0.301409E-06 -0.550703E-07  0.134688E+01 -0.730689E-07
  0.557419E-07 -0.402954E-07  0.111618E-06  0.853926E-07  0.324382E-06  0.547753E-01
 9.5647
  0.178875E+00 -0.345178E-07  0.536418E-06 -0.311774E-07  0.486840E+00  0.515332E-07
 -0.101048E-06  0.225972E+01  0.110541E-05 -0.732294E+00 -0.262398E-06  0.354747E-07
  0.623548E-07 -0.779435E-07  0.142925E+02  0.851602E-06  0.196846E-06  0.371623E-07
  0.751598E-08 -0.678522E+00 -0.681310E-07  0.223288E+00  0.655276E-07 -0.559349E-08
  0.306607E+00 -0.115802E-06  0.103136E-05 -0.675046E-08  0.141836E+01  0.347962E-10
 -0.584576E-08  0.467661E-07  0.821886E-07 -0.411639E-07  0.736678E-07  0.649313E-01
 9.8992
  0.136049E+00  0.134832E-06 -0.209487E-06  0.435576E-07  0.331873E+00  0.299087E-07
 -0.275139E-07  0.234755E+01  0.386923E-06 -0.762066E+00  0.607485E-06  0.117258E-06
 -0.423512E-07  0.878139E-06  0.660608E+01  0.178048E-06  0.534117E-07 -0.197387E-06
  0.324116E-08 -0.705193E+00 -0.250146E-06  0.233493E+00  0.237514E-07  0.314213E-08
  0.200109E+00  0.117546E-06  0.154712E-06  0.783641E-07  0.140394E+01 -0.182766E-07
 -0.134688E-07 -0.247769E-07 -0.163283E-06 -0.129827E-07 -0.899343E-07  0.751072E-01
10.2336
  0.101087E+00  0.919573E-07  0.169814E-06 -0.145777E-07  0.948748E-01  0.294207E-07
  0.811607E-07  0.241184E+01  0.319877E-06 -0.786102E+00  0.340186E-07  0.459973E-07
  0.792247E-07  0.108175E-05  0.212161E+01 -0.307312E-06 -0.253213E-06  0.366154E-07
  0.588229E-08 -0.726510E+00 -0.211539E-06  0.243057E+00  0.836731E-07  0.157202E-07
  0.394602E-01  0.282350E-06  0.914286E-06  0.142441E-06  0.121049E+01 -0.132859E-06
 -0.991426E-07 -0.405059E-07 -0.504090E-07 -0.144367E-06  0.142883E-08  0.847544E-01
10.5681
  0.119322E+00 -0.202843E-06 -0.387155E-07  0.754439E-07 -0.142521E+00 -0.359858E-07
  0.248210E-06  0.245478E+01 -0.512106E-06 -0.804514E+00 -0.312521E-06 -0.207995E-07
  0.645900E-07 -0.586846E-06  0.801074E+00 -0.202497E-06 -0.263483E-06  0.954432E-07
 -0.545939E-08 -0.742588E+00 -0.293731E-07  0.252260E+00 -0.353262E-07 -0.468662E-07
 -0.119468E+00  0.510568E-07  0.715488E-07  0.322950E-07  0.809500E+00 -0.143405E-07
 -0.222605E-07  0.166088E-07  0.298959E-06 -0.105055E-07 -0.485685E-07  0.932642E-01
10.9025
  0.205550E+00 -0.311594E-06 -0.278435E-07  0.175410E-07 -0.234714E+00  0.191375E-07
  0.105345E-06  0.247742E+01 -0.628264E-07 -0.816892E+00 -0.278562E-06  0.950924E-07
  0.111374E-06 -0.248767E-06  0.142866E+01 -0.454540E-06 -0.410093E-06 -0.201171E-06
 -0.309372E-08 -0.753052E+00 -0.230919E-06  0.261444E+00  0.191846E-07 -0.117006E-07
 -0.179092E+00  0.131999E-06 -0.186337E-06 -0.449185E-08  0.389938E+00 -0.184830E-07
  0.571149E-07  0.368074E-07 -0.264950E-07  0.112812E-06  0.373469E-08  0.100152E+00
11.2370
  0.303483E+00  0.234160E-06 -0.189519E-06 -0.449270E-07 -0.168331E+00  0.438232E-07
 -0.172840E-06  0.247956E+01 -0.725373E-06 -0.822027E+00  0.718211E-07 -0.815349E-07
  0.487288E-07  0.198840E-06  0.292947E+01  0.462351E-06 -0.321674E-08 -0.105061E-07
  0.817598E-08 -0.756918E+00 -0.119451E-06  0.270971E+00  0.181976E-07 -0.339201E-07
 -0.132049E+00  0.456219E-07 -0.137091E-06  0.887017E-07  0.155220E+00  0.293518E-07
  0.327141E-07  0.451314E-07 -0.193362E-07 -0.629244E-07  0.592696E-07  0.105389E+00
11.5714
  0.361628E+00  0.862139E-07  0.157273E-06 -0.271102E-07 -0.410621E-01  0.292571E-07
 -0.149780E-06  0.245622E+01  0.800846E-06 -0.817324E+00 -0.113912E-06  0.431490E-08
 -0.203916E-06  0.107767E-07  0.456573E+01  0.179332E-06 -0.121613E-06 -0.473797E-07
 -0.370450E-08 -0.751824E+00 -0.444540E-06  0.281261E+00  0.167525E-07  0.371292E-07
 -0.449696E-01  0.136730E-06  0.000000E+00 -0.168492E-07  0.949045E-01  0.449077E-07
 -0.518841E-08  0.114840E-06  0.186278E-06 -0.285015E-06 -0.493654E-07  0.109671E+00
11.9059
  0.365947E+00  0.582131E-07 -0.156275E-06  0.285868E-07  0.804840E-01  0.206605E-07
 -0.632267E-06  0.239701E+01  0.112407E-05 -0.798524E+00 -0.246587E-06 -0.289008E-07
 -0.181180E-06  0.449073E-06  0.573244E+01  0.315494E-06 -0.182639E-06 -0.866538E-07
 -0.259014E-07 -0.733836E+00  0.273221E-06  0.293045E+00  0.119626E-07 -0.318461E-07
  0.373051E-01 -0.112268E-06  0.135051E-06 -0.981697E-07  0.122608E+00  0.439630E-07
 -0.136589E-06 -0.585596E-07 -0.191705E-06 -0.100503E-06 -0.107374E-06  0.114629E+00
12.2403
  0.317216E+00  0.273593E-06 -0.252040E-06  0.223541E-07  0.171567E+00  0.567759E-07
  0.255825E-06  0.228702E+01  0.690038E-06 -0.758337E+00  0.120404E-06 -0.485823E-07
  0.126644E-06  0.575685E-06  0.625125E+01  0.256226E-06  0.378523E-06 -0.109800E-06
 -0.926226E-08 -0.696282E+00  0.224432E-07  0.307573E+00 -0.750471E-08 -0.396763E-07
  0.981882E-01 -0.170996E-06  0.223541E-06 -0.119786E-07  0.184048E+00 -0.335757E-07
  0.178120E-09 -0.169214E-06  0.222383E-06 -0.130462E-06 -0.197889E-07  0.122878E+00
12.5748
  0.227094E+00 -0.131751E-06  0.944214E-07 -0.571149E-07  0.216783E+00 -0.279284E-07
  0.194515E-06  0.211734E+01  0.156985E-05 -0.683887E+00  0.247441E-06  0.213981E-06
 -0.263959E-07  0.122967E-05  0.649685E+01  0.206593E-06  0.261738E-07  0.216011E-08
  0.318398E-07 -0.627480E+00 -0.397082E-07  0.327059E+00 -0.245314E-07  0.282601E-07
  0.127323E+00  0.269357E-06  0.186647E-06  0.861413E-07  0.256304E+00 -0.709304E-07
 -0.152794E-07  0.272651E-06 -0.837395E-07  0.689690E-07 -0.257864E-07  0.137936E+00
12.9092
  0.145118E+00  0.207391E-06  0.497814E-07 -0.205935E-07  0.197443E+00  0.967919E-07
  0.137509E-06  0.191243E+01 -0.801668E-06 -0.549049E+00  0.567787E-06  0.133705E-06
  0.185976E-07  0.108805E-05  0.675867E+01 -0.644340E-07  0.267484E-06 -0.324049E-07
 -0.723239E-08 -0.503907E+00 -0.962753E-07  0.355983E+00  0.149850E-07  0.440283E-08
  0.112604E+00 -0.465878E-07  0.195932E-06  0.155919E-07  0.325771E+00  0.778186E-07
 -0.313717E-07  0.890429E-07  0.596437E-08 -0.602366E-07 -0.173406E-07  0.164072E+00
13.2437
  0.167741E+00 -0.323772E-07 -0.288889E-06  0.547328E-07  0.121390E+00  0.406883E-07
 -0.616708E-07  0.189053E+01  0.228189E-05 -0.324803E+00 -0.201753E-06  0.114332E-06
 -0.458676E-07 -0.112858E-05  0.708912E+01 -0.427359E-06 -0.454423E-07 -0.768476E-07
  0.173449E-08 -0.299192E+00  0.661034E-07  0.398446E+00 -0.480798E-07  0.364484E-07
  0.619621E-01 -0.154177E-06 -0.161693E-06 -0.519384E-07  0.373543E+00  0.348223E-07
 -0.693796E-08  0.558506E-06  0.352222E-06  0.626284E-07 -0.294153E-06  0.209110E+00
13.5782
  0.324284E+00  0.597506E-06 -0.125864E-06  0.663896E-07  0.525284E-01 -0.191364E-06
  0.376208E-06  0.263739E+01 -0.364945E-06  0.298001E+00 -0.101475E-05 -0.166073E-06
 -0.143054E-06 -0.417306E-06  0.737344E+01 -0.721197E-07 -0.148336E-06  0.187116E-06
  0.444573E-07  0.263788E+00  0.126061E-06  0.501760E+00 -0.696486E-07  0.135595E-07
  0.170292E-01  0.410983E-07  0.993868E-07 -0.180793E-07  0.383697E+00  0.843269E-07
 -0.978061E-07 -0.736213E-06  0.341951E-07 -0.339018E-07  0.167641E-07  0.280165E+00
13.9126
  0.496929E+00 -0.346603E-06  0.498039E-07 -0.192838E-07  0.464027E-01  0.212578E-08
 -0.122202E-05  0.976044E+01  0.297771E-05  0.219839E+01  0.972363E-06  0.376566E-06
 -0.196786E-06  0.369278E-06  0.768807E+01  0.653930E-07  0.505128E-06 -0.322359E-06
 -0.556751E-07  0.197537E+01 -0.726611E-06  0.766594E+00  0.259712E-07  0.250032E-07
  0.163229E-01  0.194357E-06 -0.469696E-06 -0.161964E-08  0.373153E+00  0.179046E-07
  0.198406E-07 -0.856385E-07 -0.576453E-06 -0.316842E-07 -0.191299E-06  0.430086E+00
14.2471
  0.577755E+00  0.706553E-06  0.314093E-06  0.843800E-07  0.733442E-01  0.342081E-08
 -0.515817E-06  0.443388E+02 -0.586016E-05  0.738387E+01  0.129947E-05 -0.467470E-05
 -0.433303E-06 -0.504207E-06  0.743810E+01  0.381680E-06 -0.491175E-06  0.217273E-06
  0.157565E-07  0.587039E+01 -0.104687E-05  0.124928E+01 -0.247021E-07 -0.282969E-06
  0.429623E-01 -0.116100E-06 -0.454864E-06  0.411275E-07  0.339902E+00 -0.129058E-07
 -0.180785E-06 -0.253866E-05 -0.470880E-06 -0.509876E-06 -0.171611E-06  0.800034E+00
14.5815
  0.610122E+00  0.143949E-05  0.509253E-06  0.158081E-06  0.125995E+00 -0.196487E-06
  0.763880E-06  0.142255E+03 -0.474285E-05  0.874021E+01 -0.433429E-05  0.336956E-05
 -0.627230E-06 -0.685795E-06  0.762710E+01 -0.860426E-07  0.263463E-06 -0.663409E-06
  0.207521E-06  0.680786E+01 -0.166117E-05  0.511401E+00 -0.446094E-08  0.741866E-07
  0.788178E-01 -0.694282E-06  0.833054E-06 -0.116173E-06  0.327655E+00  0.630466E-07
 -0.474454E-06  0.160415E-06  0.231519E-05  0.960553E-07 -0.134082E-06  0.247512E+01
14.9160
  0.604161E+00 -0.458422E-06  0.242451E-06 -0.295196E-07  0.178437E+00  0.329925E-07
  0.146296E-06  0.314525E+02 -0.397907E-05 -0.610833E+00 -0.565108E-06 -0.108908E-05
 -0.169304E-06 -0.156280E-05  0.772775E+01  0.985434E-07  0.688488E-06  0.620020E-06
  0.368045E-07 -0.520586E+00 -0.435957E-06  0.334359E-01 -0.126200E-06  0.249767E-06
  0.113065E+00  0.307351E-06 -0.108528E-08  0.369538E-07  0.319484E+00 -0.184715E-06
  0.384623E-06  0.546634E-05  0.158190E-05  0.585725E-06  0.269699E-06  0.695519E+01
15.2504
  0.608762E+00 -0.422541E-06 -0.263200E-06 -0.348419E-07  0.214875E+00 -0.737893E-07
  0.203725E-06  0.238820E+02 -0.987290E-05 -0.651938E+00  0.949772E-06  0.578414E-06
 -0.803361E-07 -0.369280E-06  0.770537E+01  0.196402E-06 -0.256843E-06 -0.627709E-06
 -0.918206E-08 -0.536375E+00  0.508203E-06  0.102755E+00 -0.227372E-07  0.345367E-07
  0.136027E+00  0.150908E-06  0.801141E-07  0.352302E-07  0.316296E+00  0.889356E-07
  0.299152E-06  0.204524E-05 -0.404787E-06 -0.127051E-07  0.474858E-06  0.130053E+01
15.5849
  0.685408E+00 -0.489866E-06 -0.295280E-06  0.145145E-07  0.220057E+00 -0.105457E-07
 -0.195946E-06  0.256941E+02  0.808097E-05 -0.360511E+00 -0.609767E-06  0.343586E-06
 -0.209100E-06  0.265616E-05  0.759239E+01  0.136527E-06  0.276922E-06 -0.473707E-06
  0.816443E-08 -0.301342E+00  0.367966E-07  0.139051E+00 -0.258458E-07 -0.185684E-08
  0.139710E+00  0.292105E-06  0.124508E-06 -0.912829E-08  0.319046E+00  0.714955E-07
 -0.251737E-07  0.203204E-06  0.973608E-06  0.909994E-07 -0.176724E-06  0.761178E+00
15.9193
  0.851681E+00  0.889562E-07 -0.368797E-06 -0.104246E-08  0.196716E+00 -0.559451E-07
  0.163086E-06  0.165974E+02 -0.327563E-05 -0.107171E+01  0.128218E-06  0.622462E-06
  0.113512E-06  0.242406E-05  0.742997E+01  0.374126E-07 -0.696798E-07  0.143222E-06
 -0.196329E-07 -0.850570E+00  0.399608E-06  0.996258E-01 -0.696136E-07  0.376659E-07
  0.127818E+00  0.118608E-06  0.527946E-06 -0.121620E-07  0.325122E+00 -0.135230E-07
 -0.664855E-07 -0.574509E-06  0.149928E-05  0.881454E-07 -0.476323E-06  0.948798E+00
16.2538
  0.103127E+01 -0.158944E-06 -0.167932E-06 -0.302159E-07  0.175922E+00 -0.157288E-07
 -0.361408E-06  0.136217E+02  0.514581E-05 -0.123356E+01 -0.542253E-06  0.308663E-06
  0.214763E-06  0.181650E-05  0.724417E+01  0.208141E-07  0.520812E-06  0.224638E-06
  0.392629E-07 -0.969513E+00  0.259821E-06  0.954018E-01  0.231112E-07 -0.457156E-08
  0.119296E+00 -0.378438E-07  0.543295E-06 -0.946095E-09  0.328038E+00 -0.194452E-06
 -0.676458E-07 -0.245985E-06  0.131791E-05  0.370751E-07 -0.101145E-06  0.115950E+01
16.5882
  0.114819E+01 -0.108143E-06 -0.246218E-06 -0.150869E-08  0.182130E+00  0.114057E-06
  0.468298E-07  0.128137E+02  0.918250E-06 -0.124148E+01 -0.788112E-07 -0.425994E-06
  0.310911E-06  0.409398E-06  0.705985E+01 -0.333119E-07  0.670378E-06  0.517843E-06
 -0.110738E-07 -0.969377E+00  0.238977E-06  0.973714E-01 -0.241960E-07 -0.343152E-07
  0.126826E+00 -0.461539E-06  0.180319E-06 -0.404329E-08  0.324573E+00 -0.454418E-07
 -0.560026E-07 -0.517541E-06 -0.379466E-06  0.171991E-07  0.190273E-06  0.695448E+00
16.9227
  0.120336E+01  0.137904E-06  0.320135E-07 -0.277040E-09  0.213531E+00 -0.316441E-07
  0.344761E-06  0.135953E+02 -0.175631E-05 -0.112727E+01 -0.180059E-06  0.214121E-06
  0.276301E-06 -0.138692E-05  0.690416E+01  0.242564E-07 -0.942955E-07 -0.188818E-06
 -0.586401E-08 -0.875339E+00 -0.202485E-06  0.105253E+00  0.169220E-07 -0.527241E-07
  0.147934E+00  0.258078E-06  0.812650E-08 -0.171457E-07  0.316350E+00  0.119897E-06
  0.102443E-06 -0.788024E-07  0.398937E-07  0.240101E-08  0.168278E-06  0.543997E+00
17.2571
  0.123434E+01  0.421889E-07 -0.602699E-07 -0.373548E-07  0.257790E+00  0.512294E-07
  0.639865E-06  0.131975E+02  0.155094E-05 -0.110289E+01  0.884166E-06 -0.426661E-06
 -0.178298E-06  0.458051E-06  0.678560E+01 -0.108360E-06  0.383173E-06  0.111436E-06
 -0.458852E-07 -0.846247E+00 -0.883958E-07  0.107853E+00 -0.910085E-07 -0.563735E-07
  0.175553E+00  0.138621E-06  0.735292E-06  0.433190E-08  0.306058E+00 -0.395521E-07
 -0.818038E-07  0.401799E-07 -0.468598E-06  0.215967E-07 -0.282120E-06  0.523872E+00
17.5916
  0.127291E+01  0.245752E-07 -0.281591E-07 -0.100157E-07  0.302244E+00  0.622059E-07
 -0.214009E-06  0.121387E+02 -0.219231E-05 -0.116438E+01  0.243732E-06 -0.235704E-06
  0.289270E-06 -0.234283E-05  0.669177E+01  0.801253E-07  0.572839E-06  0.369460E-06
 -0.353428E-07 -0.883950E+00  0.339445E-06  0.102449E+00 -0.943375E-08 -0.136795E-07
  0.203811E+00 -0.122876E-06  0.171514E-06 -0.427826E-07  0.296650E+00  0.142779E-06
  0.762854E-07  0.118780E-06  0.752615E-07  0.302070E-07  0.260591E-07  0.567276E+00
17.9261
  0.132308E+01 -0.189905E-06  0.387375E-06  0.215208E-07  0.338548E+00 -0.245207E-07
  0.605191E-07  0.116313E+02 -0.175610E-05 -0.119008E+01  0.205130E-07 -0.257924E-06
 -0.245207E-06  0.734577E-06  0.663447E+01  0.281727E-07 -0.503261E-06 -0.339377E-06
  0.495631E-07 -0.896375E+00 -0.391288E-08  0.976269E-01  0.864225E-07  0.385418E-07
  0.230124E+00 -0.479979E-07 -0.618756E-06 -0.422264E-07  0.293140E+00  0.600952E-07
  0.144124E-06 -0.617713E-06 -0.699100E-07  0.716056E-07  0.500538E-06  0.591602E+00
18.2605
  0.135219E+01 -0.190259E-06  0.163820E-06 -0.880215E-08  0.375611E+00 -0.244334E-06
  0.706298E-06  0.114515E+02  0.622860E-06 -0.118853E+01  0.884383E-06 -0.888187E-07
 -0.170064E-07  0.629237E-06  0.672398E+01  0.163554E-06  0.807174E-06  0.119045E-06
 -0.248453E-07 -0.889889E+00  0.795847E-07  0.935896E-01 -0.202565E-07  0.190658E-07
  0.261274E+00 -0.658999E-07  0.109426E-05 -0.407888E-07  0.305218E+00  0.117949E-06
  0.643720E-07 -0.208329E-06 -0.865202E-06  0.215237E-07  0.155854E-07  0.546917E+00
18.5950
  0.131853E+01 -0.145579E-06  0.495319E-06 -0.564946E-07  0.457582E+00 -0.253004E-07
  0.327958E-06  0.116076E+02 -0.305228E-06 -0.115524E+01 -0.264004E-06  0.768482E-07
  0.875637E-06 -0.166685E-05  0.775515E+01 -0.756914E-06  0.922365E-06 -0.254086E-06
  0.419756E-07 -0.858835E+00 -0.889572E-07  0.913024E-01  0.322403E-07  0.146543E-07
  0.325286E+00 -0.736011E-07 -0.119872E-06 -0.198209E-07  0.364124E+00 -0.819218E-07
 -0.125555E-06 -0.255439E-06  0.320111E-06  0.119737E-07 -0.298548E-06  0.534240E+00
18.9294
  0.115411E+01  0.182354E-05 -0.107479E-04 -0.232401E-06  0.795505E+00 -0.175605E-06
  0.993692E-05  0.117564E+02  0.110757E-03 -0.111980E+01 -0.654947E-05 -0.109698E-04
 -0.173473E-04  0.111065E-03  0.105162E+04  0.169771E-04  0.958179E-04  0.853703E-05
  0.124921E-06 -0.819361E+00  0.711945E-05  0.899719E-01 -0.925574E-06  0.231235E-06
  0.574567E+00 -0.121973E-05  0.921513E-04 -0.100407E-05  0.884212E+00  0.104371E-05
 -0.133735E-06 -0.729416E-05  0.564140E-05  0.615238E-06 -0.121752E-05  0.541047E+00
19.2639
  0.126769E+01 -0.156983E-06  0.171588E-05  0.601124E-07 -0.368366E+00  0.235474E-07
 -0.615456E-06  0.117046E+02  0.195331E-05 -0.111119E+01  0.102625E-06 -0.130685E-06
  0.128249E-07  0.545403E-05  0.754491E+01  0.213679E-06  0.168453E-05  0.224787E-07
  0.176255E-07 -0.800802E+00  0.819253E-07  0.864897E-01 -0.118399E-07  0.113357E-06
 -0.302014E+00  0.601019E-06  0.156282E-05  0.343890E-06  0.520988E+00 -0.352274E-06
  0.183614E-06  0.183894E-06 -0.320132E-06 -0.241010E-06 -0.259731E-07  0.551747E+00
19.5983
  0.835885E+00 -0.136893E-06  0.674767E-06  0.195357E-07  0.246725E+00 -0.228154E-06
  0.231002E-06  0.117089E+02 -0.741502E-07 -0.110558E+01 -0.756998E-06 -0.610677E-06
 -0.622006E-06 -0.291125E-05  0.662219E+01 -0.250970E-07  0.384852E-06  0.947732E-07
 -0.315495E-07 -0.788118E+00  0.343087E-06  0.820560E-01 -0.139023E-07 -0.252574E-07
  0.131023E+00 -0.269222E-06 -0.135780E-05 -0.896219E-07  0.358538E+00 -0.104581E-06
  0.991046E-07 -0.383300E-06 -0.203628E-06  0.474847E-07  0.145150E-06  0.567846E+00
19.9328
  0.139278E+01 -0.824931E-06  0.569098E-06 -0.100016E-06 -0.354987E+00 -0.252207E-06
 -0.428129E-06  0.117498E+02  0.452378E-05 -0.109798E+01 -0.419053E-06 -0.201084E-06
  0.569678E-06 -0.190279E-05  0.509178E+01 -0.452494E-07 -0.896308E-07 -0.370679E-06
 -0.386868E-07 -0.777328E+00 -0.198764E-06  0.773297E-01 -0.399866E-07 -0.815794E-09
 -0.261222E+00  0.833052E-06 -0.218125E-06  0.259241E-07  0.425318E+00  0.836098E-07
  0.733852E-07 -0.510506E-07 -0.240170E-06 -0.113921E-06  0.285029E-07  0.585757E+00
20.2672
  0.109874E+01  0.530869E-07  0.418649E-06  0.913168E-07  0.326787E-01  0.103224E-07
  0.625706E-06  0.118213E+02 -0.979158E-07 -0.108040E+01  0.385519E-06 -0.553748E-07
 -0.123869E-07 -0.235942E-06  0.597406E+01  0.321470E-07  0.147556E-06  0.114063E-06
 -0.111704E-07 -0.759205E+00  0.100939E-06  0.735223E-01 -0.402500E-07  0.196126E-07
 -0.549308E-02  0.240660E-06 -0.220016E-06  0.161841E-07  0.217993E+00 -0.149003E-06
 -0.163684E-07 -0.146284E-06 -0.369838E-06  0.310411E-07 -0.636967E-07  0.605088E+00
20.6017
  0.112234E+01 -0.115121E-05  0.496759E-06  0.876897E-08 -0.556371E-01 -0.620573E-07
  0.467229E-06  0.121729E+02  0.407720E-07 -0.104267E+01 -0.160583E-06  0.251326E-06
  0.104928E-07 -0.174600E-05  0.465909E+01 -0.410118E-06  0.203248E-06  0.118194E-06
 -0.478171E-07 -0.717975E+00  0.154394E-06  0.705013E-01  0.314296E-07  0.132144E-07
 -0.498925E-01 -0.239835E-06  0.221848E-07 -0.650553E-07  0.269202E+00  0.896197E-07
  0.338767E-07  0.417313E-06  0.408319E-06  0.100881E-06  0.104647E-06  0.626919E+00
20.9361
  0.143223E+01 -0.816491E-07  0.434218E-06 -0.233446E-07 -0.982291E-01 -0.674824E-07
  0.110440E-06  0.125471E+02  0.290159E-05 -0.101640E+01 -0.235545E-06 -0.740802E-07
 -0.298263E-06 -0.400690E-05  0.418524E+01 -0.412815E-07 -0.116250E-06 -0.539745E-06
  0.117675E-07 -0.689596E+00 -0.972630E-07  0.655766E-01  0.201275E-07 -0.742135E-08
 -0.716871E-01  0.504518E-06 -0.524017E-06 -0.316466E-07  0.233875E+00  0.140430E-07
 -0.112572E-06 -0.731186E-07  0.895703E-07 -0.119960E-06 -0.130629E-07  0.645871E+00
21.2706
  0.117982E+01  0.309528E-07  0.491375E-07  0.368532E-07  0.524419E-01  0.718104E-07
  0.185949E-06  0.129447E+02  0.407339E-06 -0.996288E+00 -0.268889E-07 -0.898840E-06
  0.129615E-06 -0.501683E-05  0.422737E+01  0.227503E-07 -0.486683E-07 -0.636408E-06
 -0.179139E-07 -0.668650E+00  0.268980E-06  0.603061E-01  0.319488E-08 -0.168112E-07
  0.100463E-01 -0.594293E-07  0.369886E-06 -0.636467E-07  0.185815E+00  0.158604E-06
  0.128918E-06 -0.564579E-06  0.100906E-06  0.458101E-07 -0.585352E-07  0.658642E+00
21.6050
  0.111246E+01  0.319425E-06 -0.657085E-07  0.343083E-07  0.103865E+00  0.455872E-08
 -0.536043E-07  0.135385E+02 -0.227370E-05 -0.971261E+00 -0.704656E-07 -0.874549E-06
  0.418145E-07 -0.119218E-05  0.378878E+01  0.198855E-06  0.210485E-06 -0.474736E-07
 -0.505783E-07 -0.644959E+00  0.102414E-06  0.553214E-01 -0.415356E-07 -0.645541E-07
  0.290807E-01  0.452728E-07  0.532899E-07 -0.400853E-08  0.170592E+00  0.118036E-06
  0.968336E-07 -0.216304E-06  0.354637E-06  0.968336E-07  0.124711E-06  0.677718E+00
21.9395
  0.116694E+01 -0.245193E-06 -0.766228E-07  0.387105E-08  0.122666E+00  0.771017E-07
 -0.256367E-06  0.147057E+02 -0.153501E-05 -0.925947E+00 -0.463547E-07 -0.200133E-05
  0.206562E-06 -0.385668E-05  0.347020E+01 -0.361963E-06  0.983650E-07 -0.328081E-06
 -0.407258E-07 -0.608940E+00  0.530054E-06  0.503417E-01  0.631812E-08 -0.930099E-08
  0.426098E-01  0.518481E-06  0.237052E-06 -0.266983E-07  0.155920E+00 -0.531571E-07
 -0.781393E-07 -0.316708E-06  0.870307E-06 -0.854823E-07  0.251964E-07  0.768096E+00
22.2740
  0.133161E+01 -0.285233E-07 -0.434656E-06  0.201365E-07  0.965813E-01 -0.239855E-06
  0.239207E-06  0.179378E+02  0.257488E-05 -0.806063E+00  0.828870E-07  0.180288E-05
 -0.991834E-07  0.256710E-05  0.321274E+01 -0.631241E-07  0.496409E-06  0.883494E-06
 -0.115243E-07 -0.527901E+00  0.433927E-06  0.447099E-01 -0.545746E-07  0.125811E-06
  0.460677E-01 -0.635292E-06 -0.309543E-07  0.345197E-07  0.145357E+00 -0.251412E-06
 -0.826933E-07  0.129651E-06 -0.658629E-06 -0.674188E-07 -0.475218E-06  0.942746E+00
22.6084
  0.142375E+01 -0.180257E-05  0.508093E-07 -0.714691E-07  0.770668E-01  0.119590E-06
 -0.359263E-05  0.418990E+02 -0.113806E-04  0.208936E+00 -0.427713E-05 -0.177016E-04
  0.235890E-06  0.479018E-05  0.296548E+01 -0.305143E-06  0.260829E-06 -0.111867E-05
 -0.330229E-07  0.744956E-01  0.545310E-07  0.464312E-01 -0.518751E-07 -0.701912E-06
  0.475765E-01  0.325574E-05  0.248721E-06  0.273149E-06  0.136778E+00  0.719678E-08
 -0.301689E-06 -0.343945E-04  0.648779E-06 -0.279268E-05 -0.989377E-07  0.153690E+01
22.9429
  0.143738E+01 -0.577582E-07  0.706370E-06 -0.167192E-07  0.851772E-01  0.170103E-06
  0.254270E-05  0.205529E+02 -0.205953E-04  0.523075E+00  0.550383E-06  0.195042E-05
 -0.192138E-06 -0.229163E-05  0.274020E+01 -0.301895E-06 -0.134998E-06 -0.154691E-05
  0.118104E-06  0.304594E+00 -0.617061E-06  0.145464E+00 -0.253853E-08 -0.171981E-06
  0.521885E-01 -0.248928E-05 -0.116852E-08  0.982390E-07  0.127658E+00  0.331985E-06
 -0.554546E-06  0.646358E-05 -0.477757E-06 -0.147350E-05  0.435285E-06  0.444120E+00
23.2773
  0.149637E+01  0.473883E-06  0.291858E-06  0.132740E-07  0.880370E-01  0.532483E-06
  0.164690E-05  0.735325E+01  0.140640E-05 -0.783566E+00  0.284554E-06  0.443482E-05
 -0.741817E-07  0.485061E-05  0.255969E+01  0.419516E-06  0.597014E-06  0.590257E-06
 -0.301998E-07 -0.453635E+00  0.300622E-06  0.695378E-01 -0.181485E-06  0.153688E-06
  0.536869E-01  0.226136E-05  0.296896E-06  0.133163E-06  0.117572E+00  0.455088E-06
  0.409185E-06  0.100047E-04  0.111544E-05  0.557760E-06  0.259457E-06  0.673968E+00
23.6118
  0.145660E+01  0.155580E-05 -0.461794E-06  0.277454E-07  0.659854E-01  0.599576E-07
 -0.872735E-07  0.917818E+01 -0.384003E-05 -0.813227E+00 -0.256340E-06  0.484041E-06
 -0.325729E-06  0.333701E-05  0.239701E+01 -0.306230E-06 -0.735360E-06 -0.346946E-06
  0.472445E-07 -0.463942E+00  0.639089E-06  0.558445E-01  0.546682E-07  0.674469E-07
  0.446834E-01  0.342222E-06  0.115105E-07  0.136365E-07  0.115348E+00  0.982471E-08
 -0.245671E-07 -0.109951E-06  0.565560E-06 -0.423483E-07 -0.676593E-07  0.630777E+00
23.9462
  0.145239E+01 -0.605629E-06  0.634628E-06 -0.220539E-07  0.949407E-01 -0.749196E-07
  0.439064E-07  0.977825E+01  0.101891E-05 -0.811004E+00 -0.498604E-06 -0.111356E-05
 -0.249326E-06 -0.468335E-06  0.223847E+01  0.145832E-06 -0.191097E-07  0.770845E-06
  0.390279E-07 -0.474951E+00  0.131371E-06  0.475906E-01  0.125940E-07  0.494165E-07
  0.586649E-01 -0.103703E-05 -0.604584E-07  0.113447E-06  0.100518E+00  0.161110E-06
  0.970470E-07 -0.323374E-06 -0.358917E-06 -0.297936E-07 -0.248814E-07  0.608112E+00
24.2807
  0.142629E+01 -0.557555E-06 -0.392815E-06  0.509237E-07  0.592941E-01 -0.273831E-07
  0.201707E-06  0.104052E+02  0.366050E-06 -0.764250E+00 -0.679094E-06  0.438019E-07
  0.508796E-06  0.202953E-05  0.206360E+01 -0.130909E-06  0.142089E-06  0.107888E-05
 -0.353551E-07 -0.441188E+00  0.316231E-07  0.441998E-01  0.183825E-07 -0.880068E-07
  0.474902E-01 -0.993565E-06 -0.100876E-06  0.124372E-06  0.947895E-01 -0.170068E-06
  0.423996E-07  0.610555E-06  0.215885E-06 -0.244681E-07  0.662025E-07  0.561266E+00
24.6151
  0.133001E+01  0.426971E-06  0.237306E-07 -0.255216E-07  0.491433E-01 -0.562370E-07
  0.248947E-06  0.995334E+01  0.537296E-06 -0.789042E+00  0.365610E-07  0.382823E-06
  0.136921E-06 -0.876867E-06  0.182285E+01  0.321840E-06 -0.150275E-08 -0.362070E-06
 -0.523863E-08 -0.435407E+00  0.200635E-06  0.388691E-01  0.425384E-07  0.442541E-07
  0.416930E-01 -0.166204E-06  0.358197E-08 -0.368719E-07  0.922181E-01  0.715779E-07
 -0.390435E-07  0.555922E-06 -0.316646E-06 -0.303572E-07 -0.510445E-07  0.528890E+00
24.9496
  0.122165E+01 -0.100206E-06 -0.668038E-07 -0.260952E-09  0.557525E-01 -0.158659E-06
  0.214843E-06  0.996772E+01 -0.107467E-05 -0.774490E+00 -0.436136E-06  0.862493E-06
  0.176222E-06 -0.121990E-06  0.162282E+01  0.205131E-07  0.157236E-06 -0.132269E-06
  0.109827E-07 -0.423266E+00  0.110735E-07  0.341808E-01  0.724005E-07 -0.335891E-07
  0.399281E-01 -0.392109E-06  0.796926E-07 -0.576364E-08  0.905090E-01 -0.419396E-07
  0.537335E-07 -0.325305E-06 -0.943967E-08  0.595425E-07  0.880310E-07  0.518218E+00
25.2840
  0.112562E+01 -0.365724E-06 -0.116450E-06 -0.478195E-07  0.798777E-01  0.827845E-07
  0.286756E-06  0.100579E+02  0.151882E-05 -0.764718E+00  0.673687E-06 -0.865552E-06
  0.180476E-06  0.179256E-05  0.147325E+01  0.521266E-06  0.294847E-06  0.496615E-06
  0.197303E-07 -0.397428E+00 -0.657677E-07  0.319810E-01  0.102803E-06 -0.480840E-07
  0.433855E-01 -0.671106E-06 -0.700909E-07  0.888554E-07  0.889026E-01 -0.772857E-07
  0.958461E-07 -0.853600E-06 -0.699805E-06  0.134755E-06  0.108849E-06  0.507904E+00
25.6185
  0.112196E+01 -0.208767E-06 -0.268228E-06  0.428485E-07  0.890443E-01 -0.641213E-07
  0.161928E-06  0.102252E+02  0.138681E-06 -0.745935E+00  0.481523E-06 -0.450925E-06
  0.348753E-06  0.387710E-06  0.132853E+01 -0.403041E-06 -0.979931E-07 -0.297050E-06
  0.403088E-08 -0.372271E+00  0.465998E-07  0.297978E-01  0.316382E-07  0.569391E-09
  0.464062E-01  0.148075E-05 -0.456025E-06 -0.386545E-07  0.876187E-01 -0.238824E-08
  0.773556E-08 -0.178943E-06 -0.661717E-06  0.526577E-07  0.750602E-07  0.491848E+00
25.9529
  0.114611E+01  0.151066E-06 -0.179084E-06  0.419503E-07  0.250115E-03  0.148234E-06
 -0.451829E-06  0.103046E+02  0.253036E-05 -0.725488E+00  0.151779E-05 -0.580707E-06
  0.274562E-06 -0.946277E-05  0.140693E+01  0.215458E-06  0.110343E-05 -0.407406E-06
  0.159091E-07 -0.347600E+00 -0.608229E-06  0.276688E-01 -0.174277E-06 -0.745475E-07
  0.288672E-01 -0.431293E-06  0.196018E-05 -0.187534E-07  0.121542E+00  0.132018E-06
  0.285137E-07 -0.900353E-06 -0.497234E-05  0.101025E-07  0.221918E-06  0.541127E+00
26.2874
  0.956691E+00  0.229519E-05 -0.508442E-05 -0.140198E-06  0.726897E+00 -0.920372E-06
 -0.145936E-06  0.102872E+02  0.358050E-06 -0.706204E+00 -0.618449E-06 -0.162831E-05
  0.227989E-06  0.501882E-06  0.302208E+01  0.108161E-05  0.761401E-06  0.157718E-05
 -0.235735E-07 -0.323921E+00  0.584796E-06  0.255581E-01 -0.104726E-07 -0.225277E-06
 -0.207753E-01  0.220797E-05 -0.617502E-06  0.270594E-06  0.215495E+00 -0.294681E-06
  0.350017E-07  0.127307E-05  0.370291E-06  0.162289E-06  0.405622E-07  0.508563E+00
26.6218
  0.122390E+01  0.412502E-05  0.167802E-05  0.987867E-08  0.390275E-01 -0.467590E-06
  0.287934E-06  0.102321E+02  0.279857E-05 -0.690352E+00 -0.624862E-07 -0.240814E-05
  0.347109E-06  0.182852E-05  0.177171E+01  0.674074E-07  0.591924E-06 -0.577612E-06
  0.176751E-08 -0.308446E+00  0.466622E-06  0.228197E-01 -0.139884E-06  0.844378E-07
 -0.105483E-01 -0.842980E-06  0.222135E-05 -0.162611E-06  0.996672E-01 -0.157805E-06
  0.113508E-06 -0.159918E-05  0.419940E-06 -0.135880E-06 -0.106653E-06  0.499398E+00
26.9563
  0.112028E+01 -0.144981E-05 -0.210647E-06  0.225063E-07  0.114648E+00  0.171616E-06
 -0.343036E-06  0.101576E+02  0.153925E-05 -0.674722E+00  0.199078E-06 -0.282375E-05
  0.354804E-06  0.156906E-07  0.120984E+01  0.364170E-06  0.722374E-06  0.319282E-05
 -0.744692E-08 -0.292919E+00 -0.189906E-06  0.208112E-01 -0.845655E-07 -0.160552E-06
  0.168890E-01 -0.297494E-05  0.736185E-06 -0.612915E-09  0.624837E-01  0.133168E-06
 -0.674207E-07 -0.289963E-05 -0.615857E-06  0.105520E-06 -0.136626E-07  0.497818E+00
27.2908
  0.121439E+01 -0.101587E-05  0.111316E-05 -0.346250E-08  0.626318E-01 -0.515677E-06
 -0.454717E-06  0.101295E+02  0.401898E-06 -0.657012E+00  0.899573E-06 -0.334555E-05
  0.129664E-06 -0.317706E-05  0.100228E+01  0.187596E-06  0.563189E-06 -0.652961E-06
 -0.121870E-07 -0.272176E+00  0.496416E-10  0.191163E-01  0.202760E-07  0.511801E-07
  0.867509E-02 -0.284347E-06  0.606521E-06  0.103552E-06  0.560266E-01 -0.617573E-07
  0.642859E-08 -0.306904E-05 -0.262108E-06  0.281964E-07  0.404924E-08  0.505005E+00
27.6252
  0.126313E+01  0.673350E-06 -0.155021E-06  0.366825E-07  0.815424E-02  0.285420E-06
 -0.445818E-06  0.101396E+02 -0.220135E-05 -0.638839E+00  0.118565E-06 -0.159946E-06
  0.260395E-06 -0.891153E-05  0.885486E+00  0.245622E-06 -0.608524E-06  0.223223E-06
 -0.241231E-07 -0.253026E+00 -0.342202E-07  0.175320E-01  0.261264E-07 -0.870757E-07
  0.307812E-02 -0.281400E-06 -0.409437E-06 -0.208035E-07  0.547919E-01 -0.798346E-08
  0.512801E-07 -0.121565E-05 -0.796763E-06  0.267330E-07  0.234200E-06  0.499848E+00
27.9597
  0.124694E+01  0.620675E-06 -0.322493E-06  0.839671E-07 -0.206386E-01  0.165696E-06
 -0.246154E-06  0.100672E+02 -0.260557E-05 -0.620238E+00  0.577212E-06 -0.251128E-05
  0.113923E-07  0.949464E-05  0.856121E+00  0.735920E-07  0.207581E-06  0.134124E-05
 -0.211110E-07 -0.250273E+00 -0.204552E-06  0.161217E-01 -0.323805E-07 -0.139788E-06
  0.233723E-02 -0.169094E-05 -0.521400E-06  0.111227E-06  0.520102E-01 -0.303443E-06
 -0.105073E-06 -0.395800E-05 -0.662379E-06 -0.783218E-07  0.156105E-06  0.475321E+00
28.2941
  0.110048E+01 -0.210808E-05 -0.787235E-06 -0.858207E-07  0.127653E-01 -0.548017E-06
 -0.128790E-05  0.988954E+01  0.881110E-06 -0.597567E+00 -0.229353E-06 -0.938650E-06
 -0.378795E-07 -0.202902E-05  0.831623E+00 -0.386463E-06  0.796345E-06  0.599703E-06
  0.284482E-07 -0.246538E+00 -0.868089E-06  0.154980E-01 -0.115515E-06 -0.112825E-06
  0.106939E-02 -0.155306E-05  0.285949E-06 -0.855891E-07  0.523151E-01  0.257173E-08
 -0.114359E-06 -0.148224E-05 -0.417910E-06 -0.356150E-07 -0.542640E-07  0.450554E+00
28.6286
  0.114968E+01 -0.171639E-06 -0.445763E-06  0.444851E-07  0.350956E-01  0.139561E-07
 -0.314950E-06  0.982897E+01 -0.751047E-05 -0.558689E+00 -0.126298E-05 -0.413611E-05
 -0.377336E-06 -0.969846E-05  0.798939E+00  0.224704E-06 -0.652814E-06  0.585845E-08
 -0.330677E-07 -0.247574E+00  0.813152E-06  0.156266E-01  0.653087E-07 -0.971460E-07
  0.805175E-02 -0.608237E-06 -0.703534E-06  0.109957E-06  0.441216E-01  0.385696E-06
  0.862363E-07 -0.512919E-05  0.265666E-05 -0.979011E-08  0.444973E-07  0.436304E+00
28.9630
  0.109520E+01  0.185277E-05 -0.175330E-06  0.299584E-06  0.379842E-01 -0.510503E-06
  0.173645E-06  0.134613E+01  0.311793E-04 -0.896746E+00  0.207308E-05  0.367806E-04
 -0.101152E-06 -0.396179E-05  0.840775E+00  0.426841E-06 -0.103854E-05  0.422142E-05
  0.229700E-07 -0.454771E+00  0.136066E-05  0.662010E-02  0.160524E-06  0.464497E-06
  0.572211E-02 -0.660271E-05 -0.497648E-06 -0.101942E-06  0.386162E-01  0.498527E-06
 -0.173645E-06  0.647037E-04 -0.235600E-05  0.258902E-05  0.400091E-06 -0.577009E-01
29.2975
  0.104253E+01 -0.260490E-05 -0.138495E-05 -0.204827E-06  0.277434E-01 -0.893064E-06
  0.596868E-06 -0.667113E+00  0.104878E-05 -0.900804E+00  0.344036E-05  0.229448E-04
  0.115963E-06 -0.548437E-05  0.904539E+00  0.288202E-06 -0.473813E-06 -0.297171E-05
 -0.122804E-07 -0.149378E+00 -0.832205E-06  0.205459E-01  0.420591E-07  0.963811E-07
 -0.731691E-03  0.407235E-05 -0.320113E-05  0.294597E-06  0.376654E-01  0.153315E-05
 -0.399049E-06  0.190861E-04 -0.371678E-05  0.136576E-05 -0.469791E-06  0.570709E+00
29.6319
  0.102844E+01 -0.125264E-05  0.144808E-05 -0.531321E-07  0.740932E-01  0.104890E-06
  0.109644E-05  0.527901E+01 -0.395843E-05 -0.627851E+00 -0.536613E-07  0.217627E-05
 -0.563149E-06  0.565736E-06  0.923253E+00 -0.459122E-06 -0.268894E-07 -0.171624E-05
  0.764035E-08 -0.181637E+00 -0.116263E-06  0.180158E-01 -0.276376E-07 -0.101329E-06
 -0.668066E-02  0.173170E-05  0.658337E-06  0.706362E-07  0.415996E-01 -0.799070E-07
  0.286102E-06  0.800310E-06  0.629554E-07 -0.116532E-06 -0.664485E-06  0.480476E+00
29.9664
  0.102326E+01  0.807599E-06 -0.421569E-06  0.904978E-07  0.124347E+00  0.139106E-06
  0.344276E-06  0.693666E+01 -0.264606E-05 -0.535639E+00  0.119433E-05 -0.234210E-06
  0.816756E-06 -0.398392E-05  0.110812E+01  0.179835E-05  0.256889E-07 -0.131665E-05
  0.372021E-07 -0.233287E+00  0.160533E-05  0.166004E-01 -0.684263E-07  0.852377E-07
 -0.971777E-02  0.455255E-06 -0.408814E-07 -0.425984E-07  0.492476E-01  0.192347E-06
 -0.520011E-07 -0.369786E-06 -0.829838E-06 -0.130602E-06 -0.763805E-07  0.393491E+00
30.3008
  0.100049E+01  0.169760E-05  0.914941E-08  0.764885E-07  0.116955E+00  0.266876E-06
  0.296915E-06  0.719770E+01 -0.147978E-05 -0.488818E+00  0.176660E-05  0.388230E-08
  0.597467E-07 -0.788392E-05  0.165872E+01  0.897303E-07 -0.184269E-06 -0.304245E-07
 -0.116021E-07 -0.265455E+00  0.163367E-06  0.153402E-01  0.142135E-06  0.229390E-07
 -0.128729E-01 -0.463864E-06 -0.296970E-06  0.104226E-06  0.515809E-01  0.360520E-06
 -0.224767E-06  0.146038E-05 -0.770755E-06  0.777148E-07  0.189814E-06  0.343113E+00
30.6353
  0.976824E+00  0.110826E-05  0.110392E-06  0.593474E-07  0.103690E+00 -0.176092E-07
 -0.110314E-05  0.695908E+01  0.332747E-05 -0.460158E+00  0.826614E-06  0.667937E-06
  0.123688E-05  0.277111E-05  0.938542E+00 -0.526214E-06  0.753669E-06 -0.143298E-06
 -0.161227E-06 -0.239789E+00 -0.491497E-07  0.159992E-01 -0.992366E-07 -0.193819E-08
 -0.153284E-01 -0.509998E-06  0.106892E-05 -0.989124E-07  0.536612E-01  0.346911E-06
 -0.401222E-07 -0.649088E-06 -0.790407E-06  0.432428E-07 -0.716322E-07  0.425875E+00
30.9697
  0.956973E+00 -0.225335E-07  0.402222E-07  0.210265E-07  0.114460E+00  0.929505E-07
 -0.502947E-06  0.551301E+01  0.811204E-07 -0.471073E+00 -0.131246E-06 -0.680172E-06
  0.590377E-07  0.284462E-05  0.258955E+00 -0.242235E-07 -0.418719E-06 -0.170505E-05
  0.608016E-07 -0.455298E-01  0.282232E-06  0.203167E-01  0.968003E-07  0.154902E-06
 -0.141037E-01  0.168550E-05  0.115935E-06  0.406447E-07  0.619607E-01 -0.197928E-06
  0.743041E-07 -0.349719E-06  0.106809E-05  0.586997E-07 -0.107226E-06  0.400522E+00
31.3042
  0.953201E+00  0.464647E-07 -0.590944E-06 -0.202144E-07  0.153625E+00  0.741385E-07
  0.290632E-06  0.282887E+01  0.137207E-05 -0.459546E+00  0.253044E-06  0.967274E-06
  0.842742E-08  0.236879E-05 -0.171216E+00  0.190357E-06 -0.164118E-07 -0.229021E-06
  0.661951E-07  0.936035E+00  0.288525E-06  0.297282E-01 -0.133238E-06  0.234590E-06
 -0.394776E-02  0.148323E-05 -0.406452E-06 -0.448988E-07  0.510317E-01 -0.103926E-06
 -0.102524E-06  0.524778E-06  0.763934E-06 -0.271044E-07 -0.252439E-06  0.371588E+00
31.6387
  0.941392E+00 -0.187384E-05 -0.501149E-06  0.284874E-08  0.239213E+00  0.425873E-06
 -0.720531E-06  0.663083E+01 -0.444013E-05 -0.368159E+00  0.316929E-05 -0.428002E-06
  0.149792E-05  0.455615E-05 -0.168762E+00  0.129891E-06  0.342941E-06 -0.427556E-06
 -0.161429E-06 -0.103816E-01  0.462245E-06  0.424652E-02 -0.870119E-07  0.661829E-09
 -0.136743E-01  0.891340E-06  0.514040E-06 -0.750457E-07 -0.629744E-02  0.231619E-06
 -0.649312E-07 -0.346223E-06  0.176058E-05 -0.840236E-08  0.174986E-06  0.333628E+00
31.9731
  0.937481E+00 -0.924957E-06 -0.599966E-06  0.902188E-08 -0.575567E-01  0.269624E-06
 -0.678364E-06  0.666481E+01 -0.317407E-05 -0.359859E+00  0.147971E-05  0.688890E-06
 -0.395480E-06 -0.122720E-04  0.101519E+01  0.357676E-07 -0.275667E-05 -0.113584E-06
 -0.140787E-06 -0.354390E+00  0.847955E-07 -0.185723E-02 -0.130829E-06  0.159332E-06
 -0.123254E-01  0.189272E-05  0.123064E-06 -0.387628E-07  0.393376E-01  0.438790E-06
  0.765860E-07  0.290328E-05 -0.204905E-05  0.172150E-07  0.651262E-07  0.327644E+00
32.3076
  0.899058E+00 -0.110247E-06  0.974653E-07 -0.888485E-08 -0.495447E-02  0.323219E-06
  0.196047E-06  0.602159E+01 -0.138032E-05 -0.359041E+00  0.276702E-06  0.412310E-06
 -0.104464E-05 -0.486686E-05  0.250097E+00  0.107955E-06  0.715154E-06 -0.314433E-06
 -0.732091E-07 -0.463630E+00  0.152148E-06 -0.623832E-02  0.466990E-07  0.118632E-06
 -0.225149E-01 -0.588611E-06  0.234011E-06  0.610884E-07  0.420340E-01 -0.745213E-07
 -0.908833E-07  0.117722E-05  0.692042E-06 -0.338499E-07  0.181090E-06  0.370444E+00
32.6420
  0.857249E+00 -0.171197E-05  0.192621E-06 -0.533990E-07  0.488472E-01 -0.636505E-07
 -0.260302E-06  0.528827E+01 -0.523454E-06 -0.348551E+00  0.817350E-07  0.115646E-05
 -0.151348E-05  0.152001E-06 -0.733148E+00 -0.344615E-06 -0.306393E-06 -0.155322E-05
  0.931230E-07 -0.466707E+00 -0.523870E-06 -0.942944E-02  0.612161E-07 -0.238068E-07
 -0.161433E-01 -0.912007E-06 -0.330603E-06  0.244924E-07  0.514918E-01 -0.491264E-06
  0.126529E-06  0.566205E-06 -0.195227E-06 -0.501129E-07 -0.458418E-07  0.324920E+00
32.9765
  0.837457E+00 -0.142546E-05 -0.700072E-06  0.130971E-07  0.100430E+00 -0.112890E-06
  0.166971E-05  0.468853E+01 -0.163156E-05 -0.402482E+00  0.126861E-06  0.150392E-05
  0.301923E-05 -0.104113E-04 -0.113450E+01 -0.290562E-06 -0.100375E-05 -0.322394E-05
 -0.420967E-06 -0.506962E+00  0.121767E-07 -0.334401E-01  0.777692E-07  0.579343E-06
  0.122469E-01  0.331591E-05  0.107731E-06  0.144861E-06  0.187763E-01  0.374937E-07
  0.353050E-06 -0.246462E-05 -0.669900E-06 -0.254931E-07 -0.216683E-07  0.283262E+00
33.3109
  0.828193E+00  0.112411E-05 -0.889797E-07  0.217753E-08  0.782702E-01 -0.884646E-07
 -0.107754E-05  0.216896E+01  0.128746E-05 -0.739578E+00  0.376855E-07  0.167315E-05
 -0.318836E-06  0.808930E-05 -0.152607E+01  0.132394E-06 -0.417359E-06  0.172302E-05
 -0.107915E-06 -0.736066E+00 -0.268545E-06 -0.768419E-01 -0.289001E-07  0.111588E-06
 -0.578106E-02 -0.391668E-06 -0.116943E-06  0.429144E-07 -0.214712E-01 -0.545894E-06
  0.148754E-06  0.352889E-06 -0.915185E-06  0.148209E-06 -0.253444E-06  0.301621E+00
33.6454
  0.798019E+00 -0.218119E-06  0.358291E-06  0.122784E-08  0.867539E-01 -0.816416E-07
 -0.165340E-05 -0.561596E+01  0.136404E-05 -0.149776E+01 -0.148375E-05  0.268698E-05
 -0.115400E-05  0.824886E-05 -0.265146E+01 -0.233388E-06  0.308530E-06 -0.127374E-05
 -0.350373E-07 -0.118225E+01 -0.483974E-06 -0.117988E+00 -0.126794E-06 -0.262237E-06
 -0.210446E-01  0.546399E-06 -0.238682E-07 -0.781531E-07 -0.272139E-01  0.193038E-06
 -0.326811E-07  0.333323E-05  0.686915E-06  0.182317E-06 -0.229153E-07  0.182211E+00
33.9798
  0.766801E+00 -0.146388E-05 -0.383277E-06 -0.163647E-06  0.118770E+00  0.667537E-08
  0.505350E-06 -0.141821E+02 -0.719357E-05 -0.180214E+01 -0.420538E-06  0.306579E-05
  0.273913E-05  0.522459E-05 -0.377745E+01  0.309477E-06  0.692733E-06 -0.553722E-05
 -0.298228E-07 -0.153148E+01 -0.743129E-06 -0.109399E+00 -0.128890E-06 -0.433126E-07
 -0.222817E-01 -0.112937E-05 -0.109525E-06 -0.559371E-07 -0.407196E-01  0.252412E-06
  0.111874E-06  0.284025E-05  0.299032E-05  0.105693E-07  0.539119E-07 -0.337715E+00
34.3143
  0.759245E+00 -0.239695E-05 -0.359773E-06 -0.753299E-07  0.729619E-01 -0.481487E-06
  0.212618E-05 -0.200732E+01 -0.327566E-06 -0.713345E+00 -0.244883E-06 -0.125396E-06
 -0.799691E-06  0.254862E-05 -0.272635E+01  0.281877E-06  0.499092E-06 -0.126033E-04
 -0.637780E-06 -0.763907E+00  0.702445E-06 -0.437734E-01  0.433170E-07 -0.125697E-06
 -0.745619E-02  0.725040E-06 -0.100979E-05  0.876963E-07 -0.103044E+00  0.241277E-05
 -0.241106E-05  0.834495E-05 -0.788555E-05  0.953237E-06 -0.800728E-06  0.197430E+01
34.6487
  0.737818E+00 -0.942360E-06  0.234645E-06  0.462648E-08  0.397354E-01 -0.231808E-06
  0.244288E-06  0.337978E+01  0.450760E-06 -0.465036E+00  0.715234E-06  0.819019E-07
  0.126367E-05 -0.291632E-05 -0.151201E+01  0.925532E-07  0.480588E-06 -0.835658E-06
 -0.129770E-06 -0.478262E+00 -0.305359E-06 -0.329337E-01  0.148043E-06  0.104264E-06
 -0.793950E-02  0.140472E-05  0.117480E-06  0.712033E-07 -0.855722E-01  0.529668E-06
  0.364919E-06 -0.742191E-06 -0.289918E-06 -0.184035E-07  0.104620E-06  0.123640E+00
34.9832
  0.711702E+00 -0.242318E-06 -0.223992E-07 -0.398031E-07  0.261846E-01 -0.172194E-06
 -0.648065E-06  0.414804E+01  0.358387E-06 -0.428227E+00  0.208827E-06 -0.982297E-06
  0.207848E-05 -0.516810E-05 -0.383128E+00  0.259372E-06 -0.177529E-07  0.214123E-05
 -0.302166E-06 -0.290322E+00  0.408817E-06 -0.254838E-01  0.356997E-07 -0.112660E-06
 -0.108940E-02 -0.896986E-06  0.814007E-06  0.839970E-08 -0.586851E-01  0.191984E-06
 -0.450529E-06 -0.126657E-05 -0.750882E-07 -0.101624E-06  0.790022E-07  0.270683E+00
35.3176
  0.703674E+00 -0.103250E-05  0.120422E-06  0.412758E-08  0.139978E-01 -0.125787E-06
  0.109032E-05  0.449150E+01 -0.211743E-06 -0.400475E+00  0.107481E-06 -0.125350E-05
  0.490451E-07  0.578696E-05 -0.388731E-01  0.273030E-08  0.263448E-06 -0.143339E-05
  0.139450E-06 -0.160363E+00  0.565333E-07 -0.134917E-01 -0.487233E-07  0.179714E-06
 -0.100232E-02 -0.966206E-07  0.545868E-06  0.628933E-07 -0.278517E-01 -0.566907E-06
 -0.304573E-06 -0.945648E-06 -0.122318E-06 -0.777333E-08  0.190390E-07  0.220080E+00
35.6521
  0.684618E+00 -0.702464E-06  0.795460E-06  0.365596E-08  0.177628E-01 -0.338262E-06
  0.143554E-05  0.456820E+01 -0.432373E-05 -0.361534E+00  0.642727E-07  0.122905E-05
 -0.673151E-06 -0.692503E-05  0.624556E-01  0.414688E-06  0.613809E-06  0.527277E-07
  0.205917E-06 -0.120299E+00  0.497989E-06 -0.291395E-02  0.361053E-07  0.208340E-06
 -0.555580E-02 -0.145110E-05 -0.714267E-06  0.187824E-06 -0.148699E-01 -0.305186E-06
 -0.722114E-07 -0.133645E-05 -0.471336E-06  0.559014E-07  0.210562E-07  0.214258E+00
35.9866
  0.667842E+00  0.270268E-05 -0.355312E-06 -0.681594E-07  0.130524E-01 -0.350861E-07
  0.140868E-06  0.454574E+01 -0.440933E-06 -0.324614E+00 -0.233093E-05  0.720935E-06
 -0.161363E-05  0.324887E-05 -0.814157E-01  0.519811E-06 -0.132508E-07  0.330217E-06
  0.184169E-06 -0.112790E+00 -0.162011E-07  0.279911E-02 -0.983500E-07 -0.199753E-07
 -0.463329E-02 -0.591751E-07  0.195972E-05  0.150229E-07 -0.284391E-01  0.360751E-06
 -0.902027E-07  0.103478E-05  0.143041E-05 -0.384900E-07  0.199350E-06  0.218526E+00
36.3210
  0.647132E+00  0.170771E-05  0.132089E-05 -0.574375E-07  0.160854E-01  0.667282E-07
  0.549682E-07  0.445179E+01 -0.377061E-05 -0.289323E+00  0.156212E-05 -0.126063E-05
  0.845136E-06 -0.268974E-05 -0.467128E+01 -0.127518E-05 -0.202282E-05  0.261931E-05
  0.613602E-07 -0.120748E+00  0.224834E-05  0.564874E-02  0.297845E-06 -0.993811E-06
 -0.733665E-02  0.473836E-06 -0.389780E-05 -0.618619E-06 -0.209851E+00  0.199497E-05
 -0.651756E-07  0.102325E-05  0.430390E-05 -0.194899E-07  0.233884E-06  0.217988E+00
36.6555
  0.632771E+00  0.136126E-05 -0.163756E-05  0.140603E-06  0.400724E-01  0.521405E-07
 -0.690229E-06  0.432935E+01  0.106575E-05 -0.260183E+00 -0.171173E-06 -0.183425E-05
 -0.134325E-05  0.876495E-05  0.112495E+00  0.484134E-06  0.395886E-06  0.330039E-05
  0.268462E-06 -0.125955E+00 -0.328079E-06  0.557717E-02  0.506253E-07  0.289191E-06
 -0.183355E-01  0.711032E-06 -0.390587E-06  0.108182E-07 -0.243257E-01  0.704515E-06
  0.120217E-06 -0.610218E-06  0.130418E-06  0.307376E-07  0.182860E-06  0.216207E+00
36.9899
  0.609490E+00  0.979390E-06 -0.669832E-06  0.419896E-07  0.240529E-01  0.224258E-06
  0.609528E-06  0.427166E+01  0.205944E-05 -0.245455E+00  0.114122E-05 -0.264688E-06
 -0.166394E-05  0.693297E-06  0.245255E+00  0.367238E-06  0.140623E-06 -0.193005E-06
 -0.168110E-06 -0.117667E+00  0.318927E-06  0.496868E-02 -0.561381E-07  0.889361E-08
 -0.159602E-01  0.362797E-06  0.359029E-06  0.374773E-07  0.606036E-02 -0.347687E-06
  0.738983E-06 -0.602867E-06 -0.112930E-05  0.155427E-07 -0.482386E-07  0.213033E+00
37.3244
  0.591190E+00 -0.336747E-07  0.216348E-06  0.249930E-07  0.127655E-01 -0.341500E-06
 -0.549998E-06  0.429090E+01 -0.190751E-05 -0.244037E+00  0.451407E-06 -0.211723E-06
 -0.115003E-05  0.246803E-05  0.297110E+00  0.111751E-06 -0.223161E-06 -0.447395E-06
 -0.985886E-07 -0.116645E+00 -0.917229E-07  0.482612E-02 -0.854276E-07 -0.842335E-07
 -0.160664E-01  0.228119E-07 -0.298252E-06  0.301104E-07  0.105330E-01 -0.933672E-07
 -0.206937E-06  0.195531E-06 -0.717761E-06 -0.135785E-08  0.126075E-06  0.210662E+00
37.6588
  0.570268E+00 -0.340381E-06 -0.744092E-07  0.275278E-07  0.151981E-01 -0.974769E-07
 -0.162471E-05  0.437368E+01  0.284964E-07 -0.249029E+00 -0.241488E-06 -0.118959E-05
  0.453785E-06  0.437091E-05  0.308314E+00  0.751456E-07 -0.109183E-06  0.204480E-06
  0.570785E-07 -0.121396E+00 -0.107478E-06  0.471114E-02  0.143484E-07  0.118954E-06
 -0.154823E-01  0.786940E-06  0.369563E-06 -0.165772E-07  0.130685E-01  0.309881E-07
 -0.295924E-07 -0.635689E-06  0.197283E-06  0.124672E-07  0.293602E-07  0.220536E+00
37.9933
  0.555372E+00 -0.293024E-07  0.279496E-06 -0.214109E-07  0.247544E-01 -0.133934E-06
 -0.597105E-07  0.448857E+01  0.258745E-05 -0.265956E+00 -0.130775E-05  0.282975E-05
 -0.752722E-06 -0.223583E-05  0.294459E+00 -0.158917E-06 -0.465619E-06 -0.100948E-05
  0.205255E-07 -0.126253E+00  0.113547E-06  0.418243E-02 -0.604653E-07 -0.122181E-06
 -0.163357E-01 -0.580519E-06 -0.515763E-06 -0.108605E-06  0.145524E-01 -0.131279E-06
  0.501734E-07  0.224246E-05 -0.559233E-06 -0.510027E-07  0.369946E-07  0.216612E+00
38.3277
  0.531151E+00  0.671138E-06 -0.386934E-05  0.292353E-06  0.239609E-01  0.108279E-05
  0.570849E-05 -0.455327E+00  0.776600E-05 -0.608947E+00  0.240058E-05 -0.334534E-05
  0.163174E-05  0.435262E-05  0.271509E+00  0.277686E-06 -0.665086E-06  0.387884E-05
 -0.193432E-06 -0.259603E+00  0.680027E-06 -0.419378E-02  0.758150E-07 -0.301727E-06
 -0.157110E-01 -0.487913E-05  0.157632E-06 -0.194146E-06  0.146435E-01  0.114786E-06
 -0.335063E-05 -0.176470E-04 -0.411195E-05 -0.784952E-06 -0.929044E-06 -0.374186E+00
38.6622
  0.515699E+00  0.480538E-06  0.774866E-06  0.159250E-07  0.252961E-01  0.121172E-06
  0.273428E-05 -0.348819E+01  0.276410E-05 -0.425170E+00 -0.110910E-05 -0.110766E-04
 -0.291994E-06  0.407329E-05  0.271643E+00  0.359999E-06 -0.670429E-06  0.218830E-05
  0.241328E-06 -0.134957E+00 -0.443160E-06  0.690749E-02  0.735998E-07 -0.302308E-06
 -0.141135E-01 -0.389325E-06  0.443617E-06  0.509864E-09  0.153266E-01 -0.244752E-06
 -0.555436E-06 -0.698985E-05  0.889485E-06 -0.484125E-06 -0.326333E-06  0.339316E-01
38.9966
  0.500707E+00  0.947685E-06 -0.205472E-05 -0.214355E-06  0.353628E-01  0.110636E-05
 -0.121156E-06  0.245948E+01 -0.556921E-05 -0.239658E+00  0.326520E-06  0.165419E-06
  0.453697E-06  0.288278E-06  0.275925E+00  0.161731E-07 -0.123016E-06 -0.175705E-06
 -0.354672E-09 -0.110854E+00 -0.113140E-06  0.601097E-02  0.157165E-07 -0.135743E-06
 -0.151444E-01  0.936335E-06  0.231317E-06  0.667139E-07  0.152332E-01 -0.156295E-06
  0.234651E-06  0.565206E-06 -0.117694E-05 -0.240468E-07  0.314092E-06  0.183031E+00
39.3311
  0.471199E+00 -0.269888E-05 -0.139237E-05 -0.207939E-06  0.310459E-01  0.163976E-06
  0.317078E-06  0.283508E+01  0.834476E-06 -0.226358E+00 -0.120213E-05  0.267048E-05
  0.131782E-05 -0.594779E-05  0.226482E+00 -0.924691E-07  0.800203E-06 -0.138598E-05
 -0.215737E-06 -0.959427E-01 -0.145089E-06  0.584997E-02 -0.968277E-07  0.275194E-07
 -0.146941E-01  0.420100E-06  0.113846E-05  0.521905E-07  0.158192E-01  0.673755E-07
 -0.155928E-06  0.109661E-05  0.170301E-05 -0.221425E-07  0.686652E-07  0.147257E+00
39.6655
  0.445760E+00  0.244852E-05 -0.175039E-06  0.139793E-06  0.390367E-01 -0.465952E-06
  0.159129E-06  0.295489E+01  0.114288E-06 -0.230366E+00  0.472590E-06 -0.277683E-06
 -0.549792E-07  0.264131E-05  0.205744E+00  0.110752E-07  0.411623E-07 -0.114782E-05
 -0.650804E-07 -0.961440E-01  0.148559E-06  0.556254E-02 -0.746437E-07  0.202452E-07
 -0.160632E-01  0.318043E-06  0.591640E-07 -0.156748E-07  0.206764E-01  0.752627E-07
  0.473673E-07  0.549504E-06  0.360756E-06  0.584064E-07  0.992744E-07  0.136603E+00
40.0000
  0.400010E+00  0.187953E-05  0.154680E-05  0.295358E-06  0.433407E-01  0.187792E-06
 -0.585653E-06  0.306562E+01 -0.197324E-05 -0.226285E+00  0.897123E-07  0.341985E-06
 -0.757136E-06 -0.749715E-06  0.230653E+00  0.180553E-06 -0.442279E-06 -0.142240E-05
 -0.723958E-08 -0.924516E-01  0.208274E-06  0.690800E-02 -0.652378E-08 -0.116643E-07
 -0.159226E-01  0.243890E-06 -0.849031E-06  0.204273E-07  0.264456E-01 -0.957334E-07
  0.332875E-06 -0.568107E-06 -0.579457E-06  0.170185E-06  0.169397E-06  0.135005E+00
