Nb de frequency :   120
 0.2000
  0.783581E-01 -0.395812E-08 -0.655273E-07  0.298314E-08  0.346979E-01 -0.378350E-08
  0.168366E-07  0.147036E+01 -0.305974E-05 -0.259078E-01  0.473154E-07 -0.369255E-08
 -0.109430E-07 -0.458211E-06  0.716630E+01  0.396685E-07  0.670825E-07 -0.494765E-09
  0.811269E-09 -0.248064E-01 -0.908331E-07  0.422953E-01  0.289721E-08 -0.330147E-09
  0.219730E-01  0.137370E-07  0.878063E-07 -0.739965E-08  0.132402E+00  0.940418E-09
  0.156424E-07 -0.512227E-08 -0.117143E-06  0.549335E-08  0.660034E-07  0.646455E-01
 0.5345
  0.784539E-01  0.582077E-08  0.197906E-07  0.161708E-08  0.348634E-01 -0.354339E-08
  0.244763E-07  0.147291E+01 -0.296597E-05 -0.260367E-01  0.823358E-07 -0.642103E-07
 -0.232831E-08  0.409782E-06  0.637647E+01  0.107684E-08  0.772047E-07 -0.390282E-07
  0.327418E-10 -0.249485E-01  0.148611E-06  0.423608E-01  0.184264E-08 -0.258115E-08
  0.220978E-01 -0.139698E-08  0.844302E-07  0.695582E-08  0.132717E+00  0.506407E-08
  0.146374E-07 -0.761356E-07 -0.221946E-06  0.425280E-08  0.566899E-07  0.647317E-01
 0.8689
  0.785548E-01 -0.989530E-08  0.170985E-07  0.132059E-08  0.352167E-01 -0.800355E-09
  0.240107E-07  0.147231E+01 -0.236667E-05 -0.262917E-01  0.619985E-07 -0.246473E-07
  0.175787E-07 -0.132248E-06  0.598207E+01  0.110915E-06 -0.136015E-07 -0.192085E-07
 -0.149157E-09 -0.251536E-01  0.173597E-06  0.424962E-01  0.537440E-09  0.116415E-08
  0.223570E-01  0.195578E-07  0.105792E-06  0.281943E-08  0.133399E+00 -0.108957E-07
  0.213577E-07 -0.484288E-07 -0.164175E-06  0.763976E-09  0.754318E-07  0.646769E-01
 1.2034
  0.788365E-01 -0.128057E-08  0.624714E-07 -0.429281E-09  0.357126E-01  0.376167E-08
  0.215077E-07  0.147457E+01 -0.271254E-05 -0.266475E-01  0.795930E-07 -0.518557E-07
  0.240980E-07 -0.108033E-06  0.574063E+01  0.369328E-07  0.478281E-07  0.823638E-08
  0.156433E-09 -0.254866E-01  0.541113E-07  0.426529E-01 -0.116917E-08  0.437467E-09
  0.226793E-01  0.419095E-08  0.133470E-06  0.484943E-08  0.134243E+00  0.127693E-08
  0.220289E-07 -0.372529E-07 -0.168089E-06 -0.363798E-09  0.720797E-07  0.647465E-01
 1.5378
  0.792200E-01 -0.675209E-08  0.317232E-07  0.340151E-09  0.363851E-01 -0.545697E-08
  0.353321E-07  0.147822E+01 -0.207504E-05 -0.271414E-01  0.106318E-06 -0.781583E-07
 -0.128057E-07 -0.111759E-07  0.558265E+01 -0.284053E-07 -0.279751E-07 -0.826549E-08
 -0.327418E-09 -0.259472E-01  0.101958E-06  0.428696E-01  0.112802E-08  0.133241E-08
  0.231189E-01 -0.558794E-08 -0.785803E-09  0.153195E-07  0.135394E+00  0.495129E-08
  0.230721E-07 -0.398140E-07 -0.200831E-06  0.444925E-08  0.768302E-07  0.648575E-01
 1.8723
  0.797143E-01 -0.232831E-09  0.596774E-07 -0.118234E-08  0.372518E-01 -0.245927E-08
  0.220898E-07  0.148309E+01 -0.164390E-05 -0.277837E-01  0.123175E-06  0.199361E-08
  0.279397E-08  0.236556E-06  0.547221E+01  0.934233E-07  0.312666E-07  0.109139E-07
 -0.960426E-09 -0.265501E-01  0.250438E-07  0.431450E-01 -0.153580E-08  0.177442E-08
  0.236831E-01  0.232831E-09  0.638829E-07  0.291766E-08  0.136870E+00  0.658110E-08
  0.169157E-07 -0.272412E-07 -0.208893E-06  0.125510E-08  0.489496E-07  0.650057E-01
 2.2067
  0.803218E-01  0.698492E-09  0.573636E-07  0.480213E-09  0.383437E-01 -0.535510E-08
  0.121800E-07  0.148907E+01 -0.168092E-05 -0.285980E-01  0.805835E-07 -0.542386E-07
 -0.131549E-07 -0.130385E-07  0.539439E+01  0.116415E-08 -0.113905E-07  0.145519E-09
  0.167347E-09 -0.273143E-01  0.133397E-06  0.434928E-01 -0.556568E-09  0.112232E-08
  0.243976E-01 -0.861473E-08 -0.132190E-06  0.551154E-08  0.138731E+00  0.150503E-07
  0.221899E-07 -0.440050E-07 -0.103522E-06 -0.180080E-08  0.646231E-07  0.651805E-01
 2.5412
  0.810884E-01 -0.814907E-09 -0.145519E-09  0.116779E-08  0.396902E-01  0.531873E-08
  0.462751E-08  0.149644E+01 -0.191724E-05 -0.296026E-01  0.158855E-07 -0.481741E-07
 -0.298023E-07 -0.413507E-06  0.533438E+01  0.985165E-07 -0.201981E-07  0.295404E-08
 -0.203727E-09 -0.282528E-01  0.129177E-06  0.439129E-01 -0.226767E-08 -0.281671E-08
  0.252703E-01  0.256114E-08 -0.552391E-07 -0.977525E-08  0.140994E+00  0.119653E-07
  0.209311E-07 -0.467990E-07 -0.659202E-07 -0.134605E-08  0.675424E-07  0.654012E-01
 2.8756
  0.819814E-01 -0.488944E-08  0.444707E-07  0.363798E-09  0.413144E-01 -0.266300E-08
  0.205036E-07  0.150425E+01 -0.198703E-05 -0.308219E-01  0.724112E-07  0.794171E-08
 -0.884756E-08 -0.167638E-07  0.528260E+01  0.770378E-07 -0.893081E-07 -0.204018E-07
 -0.184082E-08 -0.293875E-01  0.150460E-06  0.444249E-01 -0.350542E-08  0.770342E-09
  0.263366E-01  0.768341E-08 -0.199070E-07  0.248110E-08  0.143741E+00  0.182990E-08
  0.208911E-07  0.512227E-08 -0.119442E-06 -0.511136E-08  0.656734E-07  0.656235E-01
 3.2101
  0.830500E-01 -0.419095E-08  0.430300E-07  0.281943E-08  0.432598E-01  0.523869E-08
 -0.845466E-08  0.151396E+01 -0.168505E-05 -0.323047E-01 -0.615975E-07  0.462715E-07
 -0.139698E-07  0.234693E-06  0.522644E+01  0.723812E-07 -0.477053E-07  0.265863E-07
 -0.128784E-08 -0.307751E-01 -0.348809E-07  0.450292E-01 -0.644557E-08 -0.190903E-08
  0.276045E-01 -0.931323E-09 -0.760483E-07 -0.645377E-08  0.147000E+00 -0.375803E-08
  0.215668E-07  0.295695E-07  0.646105E-07 -0.852015E-08  0.627994E-07  0.658991E-01
 3.5445
  0.842980E-01 -0.465661E-08 -0.396249E-07 -0.487489E-09  0.455301E-01 -0.463479E-08
 -0.474392E-08  0.152585E+01 -0.216416E-06 -0.340833E-01 -0.315297E-07  0.758228E-07
  0.629807E-07 -0.372529E-08  0.515687E+01 -0.151660E-06  0.193904E-06  0.248401E-07
 -0.436557E-09 -0.324372E-01 -0.118089E-06  0.457448E-01 -0.347923E-08 -0.358523E-08
  0.290865E-01 -0.349246E-08  0.265281E-06  0.422733E-08  0.150811E+00  0.813452E-08
  0.205346E-07  0.891741E-07  0.470609E-07 -0.983346E-08  0.527207E-07  0.662343E-01
 3.8790
  0.856856E-01 -0.139698E-08 -0.253058E-07  0.292857E-08  0.480608E-01 -0.168075E-08
  0.293076E-07  0.153819E+01 -0.625267E-06 -0.361363E-01  0.640520E-07  0.175569E-07
  0.477303E-07 -0.154600E-06  0.505305E+01 -0.471482E-07  0.226173E-06  0.724685E-08
 -0.436557E-10 -0.343475E-01 -0.264481E-06  0.465648E-01  0.428760E-08 -0.257023E-08
  0.307375E-01 -0.125729E-07  0.263681E-06 -0.336877E-08  0.155086E+00  0.148575E-07
  0.618820E-08  0.530854E-07 -0.101194E-06 -0.962609E-08  0.202954E-07  0.665754E-01
 4.2134
  0.871647E-01  0.000000E+00 -0.124273E-07  0.178625E-08  0.507355E-01 -0.833825E-08
  0.144064E-07  0.155352E+01 -0.141328E-05 -0.384745E-01  0.308706E-07  0.109831E-07
  0.153668E-07 -0.959262E-07  0.490642E+01 -0.518048E-07  0.937682E-07 -0.140135E-07
  0.400178E-09 -0.365346E-01 -0.117085E-06  0.474786E-01  0.827664E-08  0.370164E-08
  0.324768E-01  0.325963E-08  0.115251E-06  0.154978E-08  0.159683E+00  0.131186E-07
  0.164109E-07  0.139698E-08 -0.593427E-07  0.154359E-07  0.665466E-07  0.670088E-01
 4.5479
  0.886025E-01 -0.302680E-08 -0.341533E-07  0.219734E-08  0.532833E-01 -0.120926E-07
  0.281434E-07  0.156944E+01 -0.257860E-07 -0.409725E-01  0.468647E-07  0.245927E-08
  0.198488E-07 -0.191852E-06  0.470937E+01 -0.348664E-07  0.383343E-07 -0.184227E-07
 -0.432919E-08 -0.388573E-01 -0.970467E-07  0.484547E-01 -0.166086E-07 -0.249929E-08
  0.341346E-01 -0.167638E-07  0.763976E-07 -0.103973E-07  0.164264E+00 -0.219734E-08
  0.462296E-08  0.146683E-07 -0.588770E-07  0.295404E-08  0.466276E-07  0.674683E-01
 4.8824
  0.898391E-01 -0.162981E-08  0.225846E-07  0.417640E-08  0.553644E-01 -0.463479E-08
 -0.181026E-07  0.158644E+01 -0.323926E-06 -0.434737E-01 -0.114928E-06  0.241052E-07
  0.282889E-07 -0.623986E-07  0.446112E+01 -0.225555E-08  0.732716E-07  0.250002E-07
 -0.205182E-08 -0.411901E-01 -0.171931E-06  0.494252E-01 -0.626002E-08  0.102318E-08
  0.354689E-01 -0.125729E-07  0.494765E-09 -0.233558E-08  0.168356E+00  0.146247E-08
 -0.227537E-07 -0.111759E-07  0.971777E-07 -0.390719E-08 -0.196075E-07  0.679912E-01
 5.2168
  0.906894E-01 -0.279397E-08  0.742148E-08  0.253203E-08  0.565852E-01  0.494765E-09
  0.347209E-07  0.160503E+01  0.682368E-06 -0.457623E-01  0.137120E-06 -0.384898E-08
 -0.158907E-07  0.166707E-06  0.416892E+01  0.323053E-08 -0.927912E-08 -0.129949E-07
 -0.348518E-08 -0.433221E-01 -0.618020E-07  0.503266E-01 -0.620872E-09  0.974978E-09
  0.362366E-01  0.465661E-08 -0.112428E-06 -0.654836E-09  0.171491E+00 -0.491491E-08
 -0.156533E-07 -0.160653E-07 -0.119500E-06  0.100372E-07 -0.419257E-07  0.686113E-01
 5.5513
  0.909668E-01 -0.395812E-08 -0.103028E-07  0.229193E-09  0.565848E-01  0.624277E-08
  0.410364E-08  0.162207E+01  0.307802E-06 -0.475407E-01  0.439934E-08 -0.548825E-07
 -0.944419E-08  0.987202E-07  0.384016E+01 -0.327418E-07 -0.257259E-07 -0.165528E-07
  0.931323E-09 -0.449652E-01 -0.739383E-07  0.510629E-01 -0.479565E-08  0.125783E-08
  0.361888E-01  0.172295E-07 -0.201690E-07 -0.149885E-08  0.173178E+00 -0.434011E-08
 -0.415685E-08 -0.358559E-07 -0.558794E-08 -0.568616E-08 -0.147801E-07  0.692612E-01
 5.8857
  0.905973E-01  0.931323E-09 -0.143918E-07  0.440195E-09  0.551391E-01 -0.538421E-09
  0.168220E-07  0.163981E+01  0.242144E-07 -0.485739E-01  0.545757E-07 -0.231776E-07
 -0.301752E-07 -0.167638E-06  0.348448E+01  0.221771E-07 -0.129372E-06 -0.793295E-08
 -0.392902E-09 -0.459243E-01 -0.712607E-07  0.515660E-01  0.386558E-08  0.333148E-08
  0.351790E-01  0.111759E-07  0.198197E-07 -0.331056E-08  0.173170E+00  0.799992E-08
 -0.473392E-09 -0.218861E-07 -0.261352E-07 -0.151704E-08 -0.178579E-07  0.700350E-01
 6.2202
  0.895345E-01 -0.256114E-08 -0.224973E-07 -0.444561E-08  0.521395E-01  0.713044E-09
 -0.444415E-07  0.165491E+01 -0.155065E-06 -0.486069E-01 -0.104179E-06 -0.327163E-07
  0.426517E-07  0.186265E-06  0.310797E+01  0.538421E-08  0.337588E-07  0.168984E-07
  0.589353E-09 -0.459342E-01 -0.958244E-07  0.517652E-01  0.996431E-08 -0.165528E-09
  0.331286E-01 -0.372529E-08  0.163855E-07 -0.910222E-08  0.171300E+00 -0.337968E-08
 -0.148316E-08 -0.423752E-07 -0.171422E-07 -0.357250E-08 -0.237875E-07  0.708521E-01
 6.5546
  0.878282E-01  0.302680E-08 -0.689761E-08 -0.793079E-09  0.475983E-01 -0.269210E-09
  0.360887E-07  0.166886E+01 -0.196393E-06 -0.474622E-01  0.147986E-06  0.279761E-07
 -0.727596E-09  0.108266E-07  0.270667E+01  0.144628E-07  0.233631E-07  0.238579E-07
  0.509317E-09 -0.448635E-01 -0.608125E-07  0.516318E-01  0.137585E-07  0.164346E-08
  0.300553E-01 -0.274740E-07 -0.385917E-07  0.429281E-09  0.167632E+00  0.113832E-07
  0.936984E-08  0.169966E-07  0.989530E-08 -0.537693E-08  0.189535E-07  0.717608E-01
 6.8891
  0.855829E-01  0.605360E-08 -0.924047E-08 -0.235741E-08  0.416511E-01  0.150612E-08
 -0.809086E-08  0.168041E+01  0.535510E-08 -0.450600E-01 -0.569437E-07 -0.307955E-07
  0.756700E-08  0.366708E-07  0.228154E+01  0.106906E-06  0.391021E-07 -0.139698E-07
 -0.836735E-09 -0.426262E-01  0.376021E-07  0.511533E-01 -0.463316E-09 -0.975888E-09
  0.260346E-01 -0.123400E-07 -0.101310E-06 -0.475120E-08  0.162289E+00 -0.307773E-08
 -0.330147E-09 -0.291038E-07  0.135915E-07  0.266664E-08 -0.361938E-07  0.727308E-01
 7.2235
  0.829479E-01  0.500586E-08 -0.960426E-08  0.987711E-09  0.344316E-01 -0.635191E-08
  0.256696E-07  0.168977E+01  0.390108E-06 -0.413835E-01  0.705625E-07  0.440559E-08
 -0.115251E-07  0.207219E-07  0.182761E+01  0.310501E-07  0.575428E-07  0.283762E-07
 -0.197906E-08 -0.391845E-01  0.133150E-07  0.503500E-01  0.245495E-08 -0.300315E-08
  0.211703E-01  0.488944E-08 -0.105938E-07 -0.490400E-08  0.155415E+00 -0.406180E-08
  0.142977E-07 -0.954606E-08  0.171131E-07 -0.364525E-08  0.363475E-07  0.737450E-01
 7.5580
  0.800564E-01  0.372529E-08  0.470027E-07  0.249565E-08  0.261133E-01 -0.101136E-08
 -0.429281E-08  0.169719E+01  0.166998E-06 -0.364886E-01 -0.694390E-07 -0.260115E-08
  0.419095E-08  0.558794E-08  0.134003E+01 -0.621003E-07 -0.352024E-07  0.108557E-07
 -0.292493E-08 -0.346288E-01 -0.608852E-07  0.492713E-01 -0.117041E-07 -0.243654E-08
  0.155715E-01  0.391155E-07 -0.201399E-07 -0.177060E-07  0.147153E+00 -0.932778E-08
 -0.517480E-08  0.675209E-08 -0.348955E-07 -0.588261E-08  0.155106E-07  0.747853E-01
 7.8924
  0.770874E-01 -0.267755E-08  0.680811E-07 -0.483851E-09  0.168460E-01 -0.402360E-08
  0.357977E-08  0.170251E+01  0.110187E-06 -0.305298E-01  0.374230E-07  0.336204E-07
 -0.108266E-07  0.181608E-06  0.801833E+00 -0.199361E-07 -0.986468E-07  0.239379E-07
  0.531145E-09 -0.290751E-01  0.548607E-07  0.479849E-01  0.678108E-08  0.256023E-08
  0.934426E-02  0.838190E-08 -0.357104E-07 -0.208820E-08  0.137532E+00 -0.259206E-08
  0.522118E-08  0.721775E-07  0.188884E-07  0.419095E-08  0.202707E-07  0.758097E-01
 8.2269
  0.741573E-01  0.000000E+00  0.455257E-07  0.227374E-09  0.667250E-02 -0.138243E-08
 -0.660657E-08  0.170763E+01  0.711880E-07 -0.236636E-01 -0.241404E-07 -0.207529E-07
  0.218861E-07  0.214204E-07  0.211284E+00  0.220025E-07  0.819232E-07  0.238215E-07
 -0.844011E-09 -0.226841E-01  0.236832E-07  0.465597E-01  0.504326E-08  0.156797E-08
  0.253014E-02  0.803266E-08  0.218715E-07  0.114815E-07  0.126362E+00 -0.141276E-08
  0.116574E-07 -0.447035E-07  0.814907E-09  0.463842E-08 -0.994302E-08  0.768387E-01
 8.5613
  0.714013E-01 -0.134460E-07 -0.271029E-08 -0.304908E-08 -0.433654E-02  0.811997E-08
 -0.900764E-08  0.171322E+01 -0.176253E-06 -0.161194E-01 -0.113102E-07 -0.240889E-07
  0.169966E-07 -0.237487E-06 -0.418248E+00  0.415457E-07  0.392711E-07  0.193832E-07
 -0.134605E-09 -0.156729E-01  0.421715E-07  0.450808E-01 -0.229643E-08 -0.719410E-09
 -0.482325E-02  0.256114E-08 -0.705768E-08  0.595537E-08  0.113289E+00  0.461114E-09
  0.191085E-08 -0.526197E-07  0.386208E-07  0.654836E-08  0.132994E-08  0.778526E-01
 8.8958
  0.689541E-01 -0.104701E-07  0.211367E-08 -0.122179E-08 -0.162001E-01  0.501313E-08
  0.286673E-07  0.171937E+01 -0.141503E-06 -0.807139E-02  0.445183E-08  0.351993E-07
 -0.279397E-08  0.102911E-06 -0.101723E+01 -0.559376E-07 -0.511113E-08  0.171858E-07
  0.203727E-09 -0.820345E-02  0.148575E-07  0.436148E-01 -0.106935E-07  0.546606E-09
 -0.127135E-01 -0.587897E-08  0.365399E-07  0.156524E-08  0.975277E-01  0.872205E-08
  0.860200E-08 -0.535510E-08 -0.298896E-07 -0.565342E-08 -0.490875E-08  0.788099E-01
 9.2303
  0.670724E-01 -0.382715E-08  0.618911E-08  0.181967E-08 -0.288352E-01  0.112195E-07
  0.905129E-08  0.172863E+01  0.472646E-07  0.326808E-03 -0.211448E-07 -0.293167E-07
 -0.261934E-08  0.237487E-07 -0.141988E+01 -0.415530E-07  0.860121E-07  0.277360E-07
 -0.204818E-08 -0.424694E-03  0.136133E-07  0.422160E-01  0.432516E-08  0.220689E-08
 -0.210683E-01 -0.190303E-07  0.280188E-07  0.133423E-08  0.777999E-01  0.161526E-08
 -0.873115E-10  0.216532E-07  0.483124E-08  0.797445E-08 -0.133299E-07  0.797602E-01
 9.5647
  0.663784E-01 -0.887667E-09 -0.141954E-07  0.134423E-08 -0.415443E-01 -0.598084E-08
  0.376167E-08  0.174176E+01 -0.242086E-06  0.898127E-02  0.759883E-08  0.995533E-08
 -0.183645E-07 -0.295986E-07 -0.141947E+01 -0.762079E-07  0.556749E-07 -0.341970E-08
 -0.130967E-08  0.757116E-02  0.155269E-07  0.409263E-01 -0.554454E-08  0.804903E-10
 -0.294083E-01 -0.122236E-08  0.226428E-07  0.183081E-08  0.524874E-01 -0.411455E-08
 -0.987711E-08 -0.323635E-07 -0.104483E-07 -0.447471E-08 -0.322727E-08  0.807008E-01
 9.8992
  0.681438E-01  0.853288E-08 -0.267994E-07 -0.452118E-09 -0.517766E-01 -0.925502E-08
 -0.261789E-07  0.175970E+01  0.333646E-06  0.179012E-01 -0.852910E-08  0.201435E-07
  0.610453E-08  0.772998E-07 -0.999475E+00  0.207001E-07 -0.201725E-07 -0.488080E-08
 -0.407454E-09  0.157812E-01 -0.444561E-08  0.397640E-01 -0.512436E-09 -0.171485E-08
 -0.359949E-01  0.244472E-08 -0.163127E-07  0.280852E-08  0.209605E-01 -0.299406E-08
 -0.324508E-08  0.190921E-07  0.910950E-08 -0.229556E-08  0.994660E-08  0.816379E-01
10.2336
  0.739058E-01 -0.139698E-08  0.432919E-08 -0.442378E-08 -0.531877E-01 -0.862201E-08
 -0.107684E-08  0.178419E+01  0.351924E-06  0.271494E-01 -0.387114E-08  0.203891E-07
  0.173022E-07  0.824220E-07 -0.373485E+00  0.993168E-08 -0.412524E-08  0.181171E-08
 -0.161526E-08  0.242656E-01  0.374203E-07  0.387427E-01  0.188241E-08  0.261480E-09
 -0.365631E-01  0.235159E-07 -0.249274E-07 -0.117871E-08 -0.113198E-01 -0.205182E-08
 -0.154396E-07 -0.593718E-07 -0.116415E-09 -0.387809E-08 -0.960500E-08  0.826350E-01
10.5681
  0.823379E-01  0.157161E-07  0.142027E-07  0.251748E-08 -0.391525E-01 -0.569707E-08
  0.284708E-07  0.181681E+01 -0.507571E-07  0.369025E-01  0.573195E-07  0.204504E-07
  0.186556E-07  0.117347E-06  0.206103E+00  0.188884E-07  0.198947E-07 -0.934597E-08
 -0.916771E-09  0.331805E-01 -0.886212E-08  0.378673E-01 -0.131041E-08  0.227374E-09
 -0.267420E-01  0.254659E-07 -0.451473E-08 -0.126147E-08 -0.279365E-01 -0.133332E-08
  0.252476E-08  0.838190E-08 -0.881846E-08  0.190994E-08 -0.243801E-08  0.837830E-01
10.9025
  0.873868E-01  0.209548E-08 -0.158034E-07  0.156433E-09 -0.155336E-01 -0.117871E-08
  0.761975E-08  0.185891E+01  0.501168E-07  0.473998E-01  0.157252E-07 -0.230498E-07
  0.106666E-07  0.135042E-07  0.634426E+00 -0.271393E-07 -0.126667E-08  0.336877E-08
 -0.249929E-08  0.427408E-01 -0.309956E-08  0.371475E-01 -0.324191E-08  0.476189E-08
 -0.106329E-01 -0.617001E-08  0.167056E-07  0.345244E-08 -0.174236E-01 -0.677778E-08
  0.157888E-08 -0.230502E-07 -0.777072E-08 -0.192813E-09  0.101884E-07  0.851953E-01
11.2370
  0.857305E-01 -0.197906E-07  0.103028E-07  0.698492E-09  0.307270E-02  0.742148E-08
  0.455839E-08  0.191306E+01  0.117579E-07  0.589946E-01 -0.255023E-07  0.488581E-08
 -0.888213E-08  0.791624E-07  0.904795E+00  0.150903E-07  0.193425E-07  0.149084E-07
  0.856744E-09  0.532721E-01 -0.381988E-08  0.365968E-01  0.102878E-08  0.490445E-09
  0.192198E-02 -0.239816E-07 -0.116415E-09  0.114960E-08  0.719284E-02 -0.120599E-08
  0.941509E-08  0.279397E-08 -0.733417E-08 -0.485306E-08  0.953278E-08  0.870539E-01
11.5714
  0.800113E-01 -0.628643E-08 -0.110449E-07 -0.138243E-09  0.116549E-01 -0.408909E-08
  0.208092E-08  0.198287E+01 -0.137486E-06  0.721580E-01 -0.827049E-08  0.719319E-08
 -0.198052E-07  0.884756E-08  0.104530E+01 -0.178261E-08 -0.231609E-07  0.527507E-10
  0.137334E-09  0.652061E-01  0.121508E-07  0.362438E-01 -0.406990E-08 -0.220780E-09
  0.764168E-02 -0.323635E-07  0.931323E-09  0.270302E-08  0.295986E-01 -0.107921E-07
 -0.112632E-07 -0.249129E-07  0.523869E-08 -0.289583E-08 -0.547743E-08  0.895712E-01
11.9059
  0.736835E-01 -0.651926E-08  0.179498E-07 -0.280488E-08  0.127973E-01 -0.589353E-09
  0.100699E-07  0.207409E+01  0.157743E-07  0.875773E-01 -0.611383E-07  0.136060E-07
  0.172295E-07  0.372529E-08  0.110148E+01 -0.641739E-08 -0.869045E-08  0.301734E-07
 -0.181149E-08  0.791569E-01 -0.534019E-07  0.361334E-01 -0.330675E-08  0.193381E-09
  0.833267E-02 -0.102445E-07  0.282598E-07 -0.109139E-10  0.450912E-01  0.262116E-08
 -0.779255E-08 -0.679865E-07  0.277360E-07 -0.143336E-08 -0.666094E-08  0.929709E-01
12.2403
  0.693435E-01  0.162981E-07 -0.926957E-08 -0.513501E-08  0.941194E-02  0.328146E-08
 -0.525324E-08  0.219674E+01  0.180444E-07  0.106274E+00  0.108815E-07  0.184664E-07
 -0.427463E-08 -0.675209E-07  0.113328E+01 -0.243890E-07  0.242837E-07 -0.265550E-07
 -0.272848E-11  0.960385E-01  0.324872E-08  0.363445E-01 -0.328933E-08 -0.190602E-08
  0.598865E-02  0.488944E-08  0.436121E-07  0.829459E-09  0.546940E-01  0.335785E-08
 -0.626460E-08 -0.346918E-07  0.145228E-07  0.235741E-08 -0.240823E-08  0.974822E-01
12.5748
  0.697766E-01  0.698492E-09  0.407454E-09  0.371620E-08  0.339316E-02 -0.117871E-08
  0.539876E-08  0.236943E+01 -0.229455E-06  0.129981E+00  0.518918E-07  0.813343E-07
  0.363798E-08  0.805594E-07  0.117660E+01  0.108121E-07  0.422281E-07  0.272848E-09
  0.395630E-09  0.117396E+00 -0.371074E-09  0.370046E-01  0.155753E-08  0.166585E-08
  0.192328E-02  0.286382E-07 -0.174623E-09 -0.865839E-09  0.599293E-01  0.476484E-08
  0.214641E-08  0.873115E-07 -0.319560E-07  0.840373E-09 -0.562650E-08  0.103384E+00
12.9092
  0.776712E-01 -0.162981E-08 -0.245927E-08  0.212458E-08 -0.281024E-02  0.124419E-08
 -0.201908E-07  0.262712E+01  0.276545E-06  0.161925E+00  0.434835E-07  0.355185E-07
 -0.811997E-08 -0.209548E-07  0.122268E+01 -0.577711E-08  0.352069E-07  0.967702E-09
 -0.820364E-09  0.146107E+00  0.808177E-08  0.383405E-01 -0.167468E-09 -0.200316E-08
 -0.215155E-02  0.190921E-07  0.224536E-07  0.301952E-09  0.615652E-01  0.218301E-08
  0.451109E-09 -0.265427E-07  0.218861E-07 -0.257205E-08  0.325650E-08  0.111084E+00
13.2437
  0.895657E-01  0.605360E-08 -0.166910E-07 -0.141881E-09 -0.490577E-02 -0.159343E-08
  0.611726E-08  0.302060E+01  0.385335E-07  0.207939E+00 -0.259260E-07 -0.232155E-07
 -0.989530E-09 -0.726432E-07  0.126824E+01 -0.254367E-07 -0.145328E-07 -0.105065E-07
 -0.891305E-09  0.186892E+00  0.203763E-07  0.410865E-01  0.951246E-09 -0.491355E-08
 -0.329475E-02  0.174623E-08 -0.190339E-07  0.633008E-09  0.606321E-01 -0.197474E-08
 -0.407454E-09  0.465661E-07 -0.727596E-09 -0.621003E-08 -0.171683E-07  0.120731E+00
13.5782
  0.988241E-01  0.337604E-08 -0.163127E-07 -0.482214E-08 -0.131740E-02 -0.103755E-07
  0.327564E-07  0.381270E+01  0.982545E-07  0.287721E+00  0.368623E-07 -0.214295E-07
 -0.357977E-08 -0.912696E-07  0.129979E+01  0.362343E-08 -0.360501E-07  0.255259E-07
  0.254659E-10  0.258795E+00  0.229988E-08  0.452272E-01  0.419774E-08 -0.354703E-10
 -0.729824E-03  0.162981E-08  0.193540E-07  0.560976E-08  0.587045E-01  0.528394E-08
 -0.120490E-07 -0.628643E-08  0.547443E-07  0.512955E-08 -0.108997E-10  0.136544E+00
13.9126
  0.974805E-01 -0.244472E-08  0.168075E-07  0.253749E-08  0.435750E-02  0.356522E-08
 -0.682194E-07  0.557451E+01 -0.192784E-06  0.445562E+00 -0.915342E-07 -0.266809E-07
 -0.458385E-09 -0.302680E-07  0.132960E+01 -0.105720E-07  0.518109E-07 -0.187683E-07
 -0.337604E-08  0.399889E+00 -0.273249E-07  0.530364E-01  0.125874E-08 -0.645559E-08
  0.308776E-02  0.100117E-07 -0.375439E-08  0.601176E-08  0.581523E-01 -0.669388E-09
 -0.792215E-08  0.935979E-07  0.369619E-07 -0.132204E-07 -0.106245E-07  0.161587E+00
14.2471
  0.918962E-01 -0.692671E-08  0.366708E-08  0.284672E-09  0.740079E-02 -0.496220E-08
 -0.104774E-06  0.106853E+02 -0.156439E-05  0.914070E+00  0.129875E-06 -0.385480E-06
  0.174623E-08 -0.161584E-06  0.135635E+01 -0.573345E-08 -0.633300E-07 -0.347036E-07
  0.641739E-08  0.721034E+00 -0.172753E-06  0.819308E-01  0.142744E-07 -0.233485E-07
  0.520785E-02  0.543660E-07  0.973523E-08 -0.707587E-09  0.592732E-01 -0.284672E-09
  0.719592E-08 -0.339933E-06  0.559667E-07 -0.469954E-07 -0.117433E-07  0.210516E+00
14.5815
  0.869949E-01  0.328291E-07  0.707587E-08  0.215823E-08  0.885890E-02 -0.130967E-09
  0.161468E-06 -0.744895E+01  0.451808E-06 -0.121989E+01  0.796456E-08 -0.295222E-06
  0.171076E-07  0.361819E-06  0.137278E+01 -0.509317E-09  0.994866E-09  0.207683E-08
  0.746513E-08 -0.964211E+00 -0.524378E-07 -0.980277E-01  0.108196E-07 -0.129094E-07
  0.607436E-02 -0.492437E-07  0.441796E-07  0.356158E-08  0.602023E-01  0.146047E-07
 -0.161817E-07 -0.251923E-06  0.194414E-07 -0.412329E-07  0.106301E-07  0.315736E+00
14.9160
  0.853842E-01 -0.873115E-08 -0.901855E-08  0.135606E-08  0.821140E-02  0.790897E-08
 -0.176442E-08 -0.252519E+01 -0.200060E-06 -0.438365E+00 -0.122042E-06  0.118291E-06
 -0.119253E-07  0.186730E-06  0.138350E+01  0.100117E-07 -0.495200E-07  0.592049E-07
  0.168347E-08 -0.344330E+00 -0.213186E-07 -0.161893E-01 -0.721509E-08 -0.288992E-09
  0.557678E-02  0.232831E-09 -0.355649E-07 -0.349428E-08  0.613905E-01 -0.756654E-08
  0.343425E-07  0.203960E-06  0.214088E-06 -0.248911E-07  0.492336E-07 -0.146764E+00
15.2504
  0.880565E-01 -0.589353E-08  0.383709E-07 -0.193847E-08  0.592462E-02 -0.450382E-08
 -0.148430E-07 -0.668823E+00  0.283238E-06 -0.216772E+00 -0.425212E-07 -0.711152E-07
  0.582804E-08 -0.114087E-06  0.139444E+01 -0.334185E-07 -0.119791E-07 -0.107029E-07
 -0.193540E-08 -0.169471E+00 -0.373748E-07  0.216544E-02 -0.280085E-08 -0.157333E-07
  0.410635E-02 -0.430737E-08  0.947330E-08 -0.407636E-08  0.626951E-01  0.785622E-08
 -0.563159E-08 -0.786968E-07  0.227883E-07 -0.805085E-08  0.923899E-08 -0.101256E+00
15.5849
  0.931179E-01  0.631553E-08  0.180626E-07 -0.239470E-08  0.312098E-02 -0.715227E-08
  0.459258E-07 -0.705281E+00 -0.122411E-06 -0.203458E+00 -0.588193E-08  0.201144E-07
  0.313594E-08  0.733417E-07  0.141015E+01 -0.348155E-08 -0.141767E-07  0.563068E-08
  0.143973E-08 -0.158707E+00  0.228283E-07  0.342934E-02  0.369458E-08  0.858336E-10
  0.242251E-02 -0.230502E-07 -0.189320E-07 -0.303226E-08  0.639132E-01 -0.148140E-08
 -0.553700E-08  0.183936E-07 -0.647560E-07  0.158980E-08  0.247256E-07 -0.197160E-01
15.9193
  0.951309E-01  0.131549E-07  0.648288E-08 -0.181808E-08  0.169443E-02 -0.418368E-08
  0.236905E-07 -0.394434E+00  0.841683E-07 -0.155594E+00  0.629924E-07  0.201289E-07
  0.186628E-08  0.440050E-07  0.143245E+01  0.568252E-08  0.441113E-07 -0.666660E-08
  0.836735E-10 -0.120877E+00  0.557484E-07  0.749619E-02 -0.212125E-08  0.621640E-09
  0.162711E-02  0.349246E-09 -0.990985E-08  0.256478E-08  0.647855E-01  0.346472E-08
  0.333239E-08  0.372529E-07 -0.969158E-07  0.293949E-08 -0.640418E-08  0.159726E-01
16.2538
  0.906928E-01 -0.171131E-07  0.161453E-07 -0.140062E-09  0.241170E-02 -0.503496E-08
  0.944419E-08 -0.350447E-01 -0.240281E-06 -0.112101E+00  0.186252E-07  0.172022E-07
 -0.799628E-08 -0.207452E-06  0.146266E+01 -0.243308E-07  0.203048E-08  0.799287E-08
 -0.427463E-09 -0.867369E-01 -0.584259E-08  0.106954E-01  0.614409E-08  0.139880E-08
  0.203395E-02 -0.138534E-07  0.432192E-08 -0.945874E-09  0.653620E-01  0.102852E-08
 -0.384716E-08  0.158325E-07 -0.794244E-07  0.689397E-08 -0.133588E-08 -0.277525E-02
16.5882
  0.827084E-01  0.756700E-08  0.110376E-07 -0.185537E-09  0.396595E-02  0.450382E-08
  0.120053E-07  0.227728E+00 -0.150118E-06 -0.808646E-01 -0.359935E-08  0.108312E-07
 -0.173532E-08  0.122935E-06  0.150277E+01  0.137516E-08  0.344889E-07 -0.101390E-07
 -0.511363E-09 -0.623186E-01 -0.531145E-09  0.128605E-01 -0.111191E-08 -0.160497E-09
  0.280610E-02 -0.104774E-08  0.841101E-08 -0.216460E-09  0.660410E-01 -0.407886E-08
 -0.173168E-08 -0.190921E-07  0.960426E-08  0.818545E-09 -0.183342E-07 -0.199741E-02
16.9227
  0.752147E-01 -0.152504E-07 -0.127329E-08  0.878572E-09  0.490268E-02  0.935688E-08
  0.258733E-07  0.377855E+00  0.473810E-07 -0.604261E-01  0.448883E-07  0.169275E-07
  0.668661E-08 -0.135042E-07  0.155549E+01  0.176151E-07  0.146246E-07  0.121981E-07
  0.129512E-08 -0.462765E-01 -0.105792E-07  0.142878E-01 -0.104860E-08  0.153091E-08
  0.315080E-02 -0.113505E-07  0.130167E-07 -0.727596E-11  0.671856E-01  0.101045E-08
  0.341970E-08  0.237487E-07 -0.312430E-07 -0.120053E-08  0.209354E-08  0.126961E-01
17.2571
  0.696069E-01  0.130385E-07  0.322761E-07 -0.158252E-08  0.460033E-02  0.317959E-08
 -0.880391E-08  0.404832E+00 -0.187487E-06 -0.528456E-01 -0.545102E-07 -0.138352E-07
  0.198706E-07  0.887085E-07  0.162572E+01 -0.496948E-07 -0.388858E-07 -0.101336E-07
 -0.146110E-08 -0.402662E-01 -0.115797E-07  0.147609E-01  0.154331E-08  0.631474E-09
  0.279103E-02  0.207219E-07 -0.531873E-08 -0.570253E-09  0.690712E-01  0.229056E-08
  0.116415E-08 -0.100117E-07  0.349391E-07 -0.647560E-09  0.286386E-08  0.232087E-01
17.5916
  0.650568E-01 -0.100117E-07 -0.224536E-07  0.187538E-08  0.302088E-02 -0.391447E-08
 -0.593718E-08  0.487174E+00 -0.367174E-06 -0.421063E-01 -0.645454E-07 -0.324872E-08
 -0.969158E-08 -0.118045E-06  0.172618E+01  0.341970E-08 -0.245451E-07  0.149339E-08
 -0.707587E-09 -0.321455E-01 -0.642103E-08  0.153197E-01  0.219053E-08 -0.168643E-08
  0.174461E-02  0.119908E-07 -0.711370E-07  0.935870E-09  0.720804E-01  0.453701E-08
 -0.870932E-08 -0.535510E-08  0.260043E-07 -0.115688E-08 -0.167931E-08  0.295159E-01
17.9261
  0.596779E-01 -0.128057E-08 -0.507134E-08  0.128784E-08  0.605976E-03 -0.165892E-08
 -0.354776E-07  0.577825E+00 -0.168511E-06 -0.306795E-01 -0.296897E-07 -0.936052E-08
  0.195287E-07  0.752043E-07  0.188939E+01 -0.124783E-07 -0.221842E-07  0.965156E-08
  0.162891E-08 -0.236005E-01 -0.696309E-08  0.159325E-01  0.264510E-08 -0.246450E-08
  0.204667E-03  0.436557E-08 -0.474465E-07  0.491764E-08  0.769327E-01  0.523687E-08
 -0.395812E-08 -0.954606E-08 -0.267610E-07 -0.118962E-08  0.429338E-09  0.300818E-01
18.2605
  0.523680E-01 -0.325963E-08 -0.253494E-07  0.318323E-09 -0.205891E-02 -0.556975E-08
 -0.334694E-07  0.660831E+00 -0.147964E-06 -0.201055E-01 -0.159841E-07 -0.134278E-07
 -0.238651E-08  0.124564E-06  0.221132E+01 -0.497239E-07 -0.291087E-07 -0.109903E-07
  0.261480E-10 -0.157213E-01 -0.156724E-07  0.165133E-01  0.987836E-09  0.944056E-09
 -0.167234E-02  0.218279E-07  0.109212E-07 -0.131695E-08  0.853406E-01  0.143073E-07
 -0.312866E-08 -0.109430E-07 -0.123546E-07  0.876753E-09  0.522311E-08  0.323332E-01
18.5950
  0.441042E-01  0.244472E-08 -0.292930E-07 -0.110504E-08 -0.586246E-02 -0.196451E-08
  0.711589E-08  0.731992E+00 -0.239874E-06 -0.108663E-01  0.326233E-07 -0.233676E-07
 -0.671716E-07 -0.145286E-06  0.316763E+01 -0.166037E-07 -0.306707E-07 -0.959335E-07
  0.111504E-08 -0.871029E-02  0.208820E-07  0.170510E-01  0.131945E-07 -0.227374E-12
 -0.467811E-02 -0.266591E-07  0.663713E-07 -0.972341E-08  0.103557E+00  0.312994E-07
  0.247383E-09 -0.158325E-07  0.762520E-07  0.225555E-08 -0.100288E-07  0.361512E-01
18.9294
  0.358733E-01 -0.283471E-07 -0.122533E-05 -0.145701E-08 -0.235253E-01 -0.212094E-08
  0.175947E-06  0.780488E+00 -0.206480E-05 -0.433261E-02  0.721053E-06  0.584369E-07
 -0.117263E-05 -0.379235E-05 -0.247919E+02 -0.128383E-05 -0.346966E-05 -0.201657E-05
 -0.776254E-08 -0.387702E-02  0.111097E-06  0.174049E-01  0.170987E-08  0.190588E-07
 -0.180609E-01 -0.747386E-07 -0.797765E-06 -0.118889E-07  0.181741E+00 -0.517684E-08
  0.531581E-07  0.142027E-07 -0.117271E-05  0.532527E-07 -0.129519E-07  0.392890E-01
19.2639
  0.397939E-01  0.105938E-07 -0.635591E-07 -0.345881E-08  0.118571E-01  0.132059E-08
 -0.345462E-07  0.831660E+00 -0.206172E-06  0.185114E-02 -0.420312E-08 -0.169712E-07
 -0.456930E-07  0.278233E-06 -0.198731E+00 -0.231339E-07  0.205694E-06  0.497967E-07
  0.120883E-08  0.269610E-03  0.653017E-08  0.176828E-01  0.159957E-08  0.127670E-09
  0.780519E-02  0.835862E-07  0.399850E-06 -0.727596E-08 -0.761745E-01 -0.232612E-07
  0.686123E-08 -0.740401E-07 -0.734144E-07  0.111686E-08  0.448170E-07  0.419820E-01
19.5983
  0.391190E-01 -0.140426E-07  0.270875E-07  0.143586E-09 -0.134328E-01  0.430009E-08
  0.953150E-08  0.889166E+00 -0.285218E-07  0.854284E-02  0.535091E-07 -0.226009E-07
 -0.112050E-07 -0.370201E-07  0.139457E+00  0.224500E-07 -0.358868E-07  0.425207E-07
  0.619593E-09  0.462730E-02 -0.217042E-07  0.179860E-01  0.459587E-09 -0.207015E-08
 -0.989217E-02 -0.693253E-07 -0.164146E-07  0.856653E-08  0.296680E-01 -0.925138E-08
  0.159343E-08  0.558794E-08 -0.544242E-08  0.658474E-09  0.105149E-07  0.445222E-01
19.9328
  0.488134E-01 -0.288128E-07  0.202272E-07  0.230284E-08  0.499479E-02  0.267755E-08
  0.319196E-07  0.950996E+00 -0.848668E-07  0.157030E-01  0.219896E-08 -0.391992E-08
  0.464206E-08 -0.309665E-07  0.590119E+00 -0.533328E-08  0.151515E-07  0.240980E-07
  0.228556E-08  0.927339E-02 -0.375876E-07  0.183276E-01  0.158277E-08  0.149282E-08
  0.334565E-02 -0.571017E-07  0.596629E-09 -0.353975E-08  0.155403E-01  0.171003E-07
 -0.406726E-08  0.162981E-08  0.252476E-07  0.404907E-08  0.130072E-09  0.468567E-01
20.2672
  0.389933E-01  0.242726E-07 -0.284126E-08  0.220189E-08  0.441108E-02  0.269210E-09
  0.823638E-08  0.102601E+01  0.915024E-07  0.238069E-01 -0.326261E-08  0.249056E-07
  0.631553E-08  0.633299E-07  0.736025E+00  0.230502E-07  0.163067E-08 -0.143627E-07
  0.762157E-09  0.147602E-01 -0.411655E-07  0.187265E-01 -0.316284E-08  0.108616E-08
  0.278456E-02 -0.129221E-07  0.334257E-07 -0.385808E-08  0.320275E-01  0.229534E-08
 -0.107684E-08 -0.153668E-07  0.194996E-08 -0.477667E-08  0.490027E-08  0.493292E-01
20.6017
  0.617041E-01  0.178698E-07 -0.247237E-07  0.532782E-08 -0.884885E-02 -0.152068E-08
 -0.244218E-07  0.111268E+01  0.960426E-08  0.320317E-01  0.275664E-07  0.341338E-07
 -0.114669E-07 -0.664731E-07  0.831457E+00 -0.346699E-08  0.109811E-07  0.187756E-07
 -0.184809E-08  0.199819E-01 -0.152886E-07  0.190672E-01 -0.269725E-08 -0.222622E-08
 -0.496435E-02 -0.277068E-07  0.172731E-07 -0.186992E-08  0.412371E-01  0.492241E-08
 -0.348518E-08  0.458676E-07 -0.775617E-08 -0.135333E-08  0.273777E-08  0.519823E-01
20.9361
  0.353785E-01 -0.232540E-07  0.455111E-08  0.511591E-09  0.788593E-02  0.508408E-08
 -0.119908E-07  0.121161E+01 -0.970322E-07  0.411283E-01  0.150313E-07 -0.152759E-07
  0.103930E-07 -0.675209E-08  0.918250E+00  0.235650E-07  0.955796E-08 -0.921322E-08
 -0.391083E-10  0.252657E-01 -0.233740E-08  0.194661E-01 -0.205180E-09  0.307773E-08
  0.433017E-02 -0.512227E-08 -0.851287E-09 -0.517321E-08  0.393808E-01 -0.308683E-08
  0.136220E-08 -0.406289E-07 -0.177533E-07  0.138971E-08  0.539820E-08  0.550973E-01
21.2706
  0.336008E-01  0.137352E-07 -0.811474E-08 -0.754170E-09  0.708994E-02  0.334694E-09
 -0.183354E-08  0.134775E+01 -0.289292E-07  0.532442E-01  0.189253E-07 -0.175041E-07
 -0.116270E-07 -0.122353E-06  0.970248E+00  0.432738E-08 -0.895977E-08 -0.625914E-08
 -0.125146E-08  0.323432E-01 -0.436175E-07  0.200377E-01  0.206501E-08  0.383602E-08
  0.377451E-02 -0.736327E-08  0.414002E-08  0.332784E-08  0.425807E-01  0.302862E-09
 -0.124783E-08 -0.360887E-08 -0.244618E-07  0.272848E-09 -0.985744E-08  0.596238E-01
21.6050
  0.383933E-01 -0.139023E-07  0.348501E-08  0.338613E-09  0.488084E-02  0.955333E-08
 -0.945874E-08  0.155693E+01 -0.545406E-07  0.711259E-01 -0.541786E-08 -0.346627E-07
 -0.776345E-08 -0.374857E-07  0.100488E+01 -0.121345E-07 -0.232833E-08  0.155460E-07
 -0.556611E-09  0.427720E-01 -0.186301E-07  0.208679E-01 -0.202478E-08 -0.350656E-08
  0.279774E-02  0.311120E-07 -0.115433E-07  0.565115E-08  0.448432E-01 -0.503633E-09
 -0.744330E-08 -0.130385E-07 -0.176224E-07  0.860382E-09 -0.103158E-07  0.674074E-01
21.9395
  0.436788E-01 -0.478467E-07 -0.152795E-09 -0.183718E-09  0.242345E-02 -0.340879E-08
  0.262808E-07  0.192678E+01  0.209693E-06  0.101514E+00  0.721866E-08 -0.813161E-07
 -0.695854E-08 -0.224565E-06  0.103909E+01  0.586078E-08  0.184640E-07  0.825389E-08
  0.121872E-08  0.603690E-01 -0.206674E-07  0.222347E-01 -0.826562E-08 -0.423688E-08
  0.222090E-02 -0.168802E-07  0.119653E-07  0.332875E-09  0.464518E-01  0.988578E-08
 -0.538421E-09 -0.200234E-07 -0.849832E-08 -0.165528E-08  0.223235E-08  0.809077E-01
22.2740
  0.436598E-01 -0.322470E-07 -0.303407E-07 -0.115688E-08  0.986259E-03 -0.681757E-08
 -0.152504E-07  0.277905E+01  0.182190E-07  0.169487E+00 -0.140124E-07 -0.109139E-09
 -0.101209E-07  0.263099E-07  0.106716E+01  0.933142E-09 -0.499228E-08 -0.345472E-08
 -0.763976E-10  0.994789E-01  0.192431E-07  0.252436E-01 -0.432927E-08  0.423051E-08
  0.170267E-02 -0.370783E-07 -0.195250E-07 -0.159162E-09  0.477910E-01  0.944510E-09
  0.124419E-07  0.201399E-07 -0.229775E-07  0.314139E-08 -0.566232E-08  0.103089E+00
22.6084
  0.383951E-01 -0.154832E-06  0.483124E-07 -0.107648E-07  0.137503E-02 -0.704313E-08
 -0.129570E-06  0.715201E+01  0.160007E-05  0.516095E+00  0.128234E-06 -0.350075E-06
  0.156178E-07  0.706641E-07  0.109083E+01  0.198961E-07  0.164383E-07 -0.108193E-07
 -0.425644E-08  0.297198E+00  0.227883E-07  0.406547E-01  0.690331E-08 -0.234122E-07
  0.148978E-02 -0.302680E-08  0.199834E-07 -0.244836E-08  0.488229E-01  0.139794E-07
 -0.378350E-08  0.186847E-07 -0.630826E-07 -0.237833E-07  0.154755E-07  0.190239E+00
22.9429
  0.344603E-01  0.159489E-07  0.103537E-07 -0.107048E-08  0.174691E-02  0.264117E-08
 -0.115513E-06 -0.294614E+01  0.590037E-06 -0.276718E+00 -0.367974E-07 -0.333315E-06
  0.195723E-08 -0.407454E-08  0.111251E+01  0.218988E-07 -0.541731E-08  0.126814E-06
 -0.627551E-09 -0.153780E+00  0.344771E-07  0.572394E-02  0.788530E-08 -0.110863E-07
  0.129112E-02  0.153843E-06 -0.125510E-07  0.182645E-07  0.496592E-01 -0.133996E-07
  0.125729E-07  0.768923E-06 -0.534637E-07  0.123327E-07 -0.986610E-07 -0.297750E+00
23.2773
  0.317950E-01  0.122498E-06 -0.217569E-07  0.811315E-08  0.883725E-03 -0.151269E-07
  0.267501E-07 -0.114850E+01  0.149885E-07 -0.138017E+00  0.148404E-06  0.326005E-06
 -0.264772E-07  0.277301E-06  0.113178E+01  0.194850E-07 -0.673498E-08  0.334521E-07
  0.370574E-08 -0.757616E-01  0.268847E-07  0.116756E-01  0.135141E-08  0.193662E-07
  0.803831E-03  0.276195E-07 -0.167529E-07 -0.576301E-08  0.504833E-01  0.198097E-07
 -0.931323E-08  0.739237E-07 -0.112792E-06 -0.564614E-08 -0.176980E-07 -0.942944E-01
23.6118
  0.233110E-01 -0.318978E-07  0.142754E-07 -0.130058E-08  0.223997E-02  0.106138E-07
  0.238651E-08 -0.503994E+00 -0.326545E-07 -0.862805E-01  0.798042E-08 -0.607761E-07
  0.309301E-07 -0.145519E-06  0.114864E+01  0.309228E-08  0.311429E-07 -0.122509E-07
 -0.266937E-08 -0.486083E-01  0.132895E-07  0.137888E-01 -0.469518E-08 -0.230796E-08
  0.106979E-02  0.573345E-08  0.458931E-07 -0.134150E-09  0.512003E-01  0.268028E-08
 -0.238651E-08 -0.293367E-07  0.140426E-07  0.226464E-08  0.270387E-08 -0.188082E-01
23.9462
  0.239674E-01  0.200234E-07 -0.151340E-07 -0.262844E-08  0.539984E-03 -0.557486E-08
  0.887667E-08 -0.114219E+00  0.323053E-08 -0.548054E-01  0.162330E-07 -0.263062E-07
  0.993896E-08  0.147847E-06  0.116415E+01 -0.610089E-08 -0.886000E-08 -0.221744E-07
 -0.162208E-08 -0.306679E-01  0.248110E-08  0.151819E-01 -0.318412E-08  0.368013E-08
  0.438826E-03  0.579166E-08 -0.137734E-07 -0.209366E-08  0.517865E-01 -0.136424E-10
  0.272121E-08 -0.253785E-07 -0.181026E-07 -0.982254E-09 -0.702178E-08 -0.467431E-02
24.2807
  0.184133E-01 -0.158325E-07  0.628643E-08 -0.241926E-09  0.604680E-03  0.148941E-08
  0.605360E-08  0.665957E-01 -0.525033E-07 -0.399149E-01  0.802487E-08 -0.116088E-07
 -0.243963E-07 -0.100699E-06  0.117914E+01  0.263444E-07  0.368442E-07 -0.337423E-07
  0.224247E-10 -0.212449E-01  0.475666E-08  0.159106E-01 -0.585066E-08  0.167050E-09
  0.116161E-03  0.247965E-07  0.345863E-07 -0.215459E-08  0.527233E-01  0.189220E-08
  0.221917E-08  0.232831E-08  0.298314E-08 -0.705768E-09  0.106908E-07  0.360835E-02
24.6151
  0.152467E-01 -0.171713E-08 -0.678847E-08 -0.140744E-08  0.146221E-02 -0.172292E-08
  0.874570E-08  0.204628E+00 -0.620785E-07 -0.291002E-01 -0.699413E-08  0.420278E-08
  0.931323E-09  0.323635E-07  0.119762E+01 -0.116961E-07 -0.980165E-09 -0.868840E-08
 -0.538876E-09 -0.157740E-01  0.790624E-08  0.163142E-01  0.442034E-09 -0.347029E-09
  0.106252E-03  0.657747E-08  0.200744E-07  0.425189E-08  0.535864E-01 -0.649379E-08
 -0.332511E-08 -0.314321E-08  0.117871E-08 -0.150976E-08  0.244668E-09  0.103200E-01
24.9496
  0.143241E-01 -0.932778E-08  0.226464E-09  0.265123E-08  0.223518E-02 -0.185469E-08
  0.164073E-08  0.314815E+00 -0.986620E-08 -0.209900E-01 -0.342143E-08 -0.157734E-07
 -0.612636E-08 -0.136090E-06  0.122517E+01  0.127293E-07  0.878346E-08  0.433829E-09
  0.245836E-08 -0.110281E-01  0.877117E-08  0.167144E-01  0.842803E-09  0.170087E-08
  0.976087E-04 -0.497676E-08 -0.295986E-07  0.101409E-08  0.545678E-01  0.546697E-08
  0.920409E-09 -0.201399E-07  0.231084E-07  0.334330E-08  0.692746E-08  0.152025E-01
25.2840
  0.160137E-01 -0.251021E-08 -0.124810E-07  0.156570E-08  0.241480E-02 -0.142876E-08
 -0.457294E-08  0.402327E+00 -0.472355E-07 -0.145820E-01  0.471242E-07  0.618456E-08
  0.102445E-07  0.189291E-06  0.126627E+01 -0.289619E-07  0.145673E-08 -0.110495E-07
  0.205637E-08 -0.766887E-02  0.137206E-07  0.169931E-01  0.665126E-08  0.664386E-09
 -0.556271E-04  0.299187E-07  0.317777E-07  0.310683E-08  0.559640E-01 -0.131126E-07
 -0.260025E-08  0.908040E-08 -0.370419E-07  0.308137E-08  0.479650E-08  0.189297E-01
25.6185
  0.188171E-01  0.198488E-07 -0.287982E-07  0.226555E-08  0.894016E-03 -0.556611E-08
 -0.566070E-08  0.472659E+00 -0.393484E-07 -0.925084E-02 -0.116877E-07  0.231103E-07
 -0.144719E-07 -0.101048E-06  0.135226E+01 -0.336659E-07  0.597370E-07 -0.896762E-09
 -0.195905E-08 -0.520035E-02 -0.107393E-07  0.171866E-01  0.126949E-08  0.443379E-09
 -0.854771E-03  0.391155E-07  0.477557E-07 -0.176669E-08  0.589256E-01 -0.326304E-08
 -0.139516E-08  0.181608E-07 -0.669388E-09 -0.933142E-09  0.446412E-08  0.225999E-01
25.9529
  0.184868E-01  0.239816E-07  0.124106E-06 -0.145519E-08 -0.278077E-02  0.504042E-08
 -0.180044E-07  0.531325E+00  0.461587E-07 -0.481595E-02  0.205575E-07  0.154714E-07
 -0.124346E-07  0.115950E-06  0.178764E+01  0.144937E-07  0.642815E-07 -0.712789E-07
  0.224009E-08 -0.330740E-02  0.118271E-07  0.173352E-01 -0.487519E-08 -0.164289E-08
 -0.284499E-02  0.506116E-07  0.666914E-07  0.843193E-08  0.710252E-01  0.825412E-08
 -0.562613E-08  0.244472E-08 -0.905129E-08  0.393993E-08  0.329953E-08  0.251227E-01
26.2874
  0.190571E-01 -0.158849E-06 -0.515647E-07 -0.625823E-08  0.531223E-02  0.113032E-07
  0.104774E-07  0.587760E+00 -0.275002E-06 -0.858974E-03  0.262646E-07  0.141154E-07
 -0.188775E-07  0.638422E-06  0.609324E+00  0.127729E-07  0.352826E-07  0.397035E-07
  0.389537E-08 -0.186934E-02 -0.620275E-09  0.174482E-01 -0.293619E-08  0.332079E-08
  0.109416E-02  0.100175E-06 -0.141226E-07 -0.339969E-08  0.298939E-01 -0.633395E-08
 -0.134605E-09  0.130618E-06 -0.797154E-07 -0.233740E-08  0.130702E-07  0.271188E-01
26.6218
  0.213077E-01 -0.143773E-07 -0.300133E-08 -0.411274E-08 -0.478498E-02  0.124170E-07
 -0.200453E-07  0.645616E+00  0.204513E-06  0.287808E-02  0.967680E-08 -0.826021E-07
  0.196633E-07  0.305357E-06  0.973957E+00  0.292657E-07 -0.145865E-07  0.102940E-06
  0.929504E-09 -0.745930E-03 -0.282835E-07  0.175516E-01  0.314282E-08 -0.190561E-07
  0.117211E-02 -0.155909E-06 -0.932778E-08  0.609725E-08  0.432407E-01 -0.121271E-07
  0.154250E-08 -0.100001E-06 -0.165383E-07  0.289037E-08 -0.118576E-07  0.299034E-01
26.9563
  0.208864E-01 -0.197178E-07 -0.455020E-08  0.216266E-08 -0.887697E-03 -0.912905E-10
 -0.245564E-07  0.710449E+00 -0.112574E-06  0.687266E-02  0.432389E-07  0.643395E-07
  0.753607E-08  0.166823E-06  0.104773E+01 -0.623422E-07 -0.119971E-07 -0.500395E-07
  0.381988E-09  0.602554E-03 -0.295877E-07  0.176714E-01  0.370360E-08  0.709622E-08
  0.125001E-02  0.378059E-07 -0.155014E-07  0.868840E-08  0.463705E-01 -0.478121E-08
  0.135697E-08  0.266009E-07 -0.373257E-07  0.364889E-08  0.185804E-08  0.327965E-01
27.2908
  0.207216E-01  0.743894E-07  0.191685E-07  0.227374E-10 -0.183690E-02  0.408181E-08
 -0.128784E-08  0.786397E+00 -0.148837E-06  0.112528E-01  0.513531E-07  0.200198E-07
  0.622094E-09  0.169966E-06  0.108517E+01  0.237014E-08  0.943206E-08 -0.405234E-07
 -0.830369E-09  0.182616E-02 -0.259060E-07  0.177760E-01 -0.121818E-08  0.744899E-08
  0.801333E-03  0.451400E-07  0.558430E-08 -0.191903E-08  0.483949E-01 -0.151456E-07
 -0.902219E-09  0.282889E-07 -0.425935E-07  0.251021E-08  0.702019E-08  0.358724E-01
27.6252
  0.172985E-01  0.520959E-08 -0.551117E-07  0.688487E-09 -0.101763E-02  0.264299E-08
 -0.355067E-08  0.881162E+00 -0.471482E-07  0.165536E-01 -0.557242E-08  0.399077E-07
 -0.112777E-09 -0.308501E-07  0.110864E+01  0.227883E-07 -0.728839E-08 -0.322598E-08
  0.276577E-08  0.286544E-02  0.201890E-07  0.178863E-01 -0.242151E-08 -0.430543E-08
  0.875432E-03 -0.175205E-07 -0.119544E-07 -0.130694E-08  0.493745E-01  0.475097E-08
 -0.202635E-08  0.958098E-07  0.307773E-08  0.326509E-08  0.650410E-09  0.390124E-01
27.9597
  0.141255E-01 -0.123400E-07  0.157452E-07 -0.156388E-08  0.549159E-03  0.857472E-08
 -0.138243E-08  0.101451E+01 -0.167347E-06  0.238500E-01  0.100494E-07 -0.512691E-07
  0.177533E-08  0.149012E-07  0.112437E+01 -0.246255E-07  0.680143E-08 -0.366645E-07
  0.117871E-08  0.418618E-02 -0.119162E-07  0.180202E-01 -0.244741E-08  0.650653E-08
  0.955329E-03  0.224099E-07  0.171385E-07 -0.101954E-08  0.499609E-01  0.176510E-08
  0.709406E-10  0.347500E-07 -0.539148E-07  0.473938E-08  0.982974E-08  0.443311E-01
28.2941
  0.125677E-01 -0.167856E-06  0.205664E-07 -0.153682E-08  0.371012E-02  0.133032E-07
 -0.334985E-07  0.125243E+01  0.657164E-07  0.360368E-01  0.397972E-07 -0.314976E-07
  0.153523E-08  0.629807E-06  0.113437E+01  0.150176E-07 -0.146968E-07  0.514792E-07
  0.838554E-09  0.723148E-02 -0.964064E-08  0.182167E-01  0.503950E-08  0.256546E-08
  0.124791E-02 -0.782602E-07 -0.339496E-07  0.417276E-08  0.503582E-01 -0.365362E-07
 -0.750333E-10 -0.327709E-07 -0.577857E-07  0.240289E-08  0.393521E-08  0.539641E-01
28.6286
  0.121641E-01  0.409782E-07  0.138825E-07  0.463479E-08  0.275352E-02 -0.125974E-07
 -0.180917E-07  0.180090E+01 -0.141328E-06  0.629096E-01 -0.102846E-06  0.779955E-07
 -0.673754E-08  0.303844E-06  0.114264E+01  0.265354E-07  0.577280E-07 -0.558648E-07
 -0.220098E-09  0.128342E-01  0.353066E-08  0.185253E-01 -0.590239E-08  0.141017E-08
  0.101491E-02  0.284927E-07  0.653381E-07  0.763976E-10  0.506278E-01 -0.851128E-08
 -0.273030E-08  0.757282E-07  0.683867E-07  0.124364E-07 -0.452378E-08  0.757469E-01
28.9630
  0.108337E-01  0.148342E-06 -0.155414E-07  0.113751E-07  0.253503E-02 -0.281645E-07
  0.153756E-06  0.492294E+01  0.287866E-06  0.210359E+00 -0.513603E-08  0.596570E-06
 -0.181608E-07  0.408618E-06  0.115030E+01  0.803993E-08 -0.145074E-07 -0.231557E-08
  0.506682E-08  0.451109E-01  0.118762E-07  0.200307E-01 -0.418670E-08 -0.433491E-08
  0.828665E-03 -0.757864E-07  0.301625E-07 -0.515502E-08  0.510622E-01  0.590103E-08
 -0.267755E-08 -0.636792E-06 -0.553991E-07 -0.606015E-07  0.103193E-07  0.181539E+00
29.2975
  0.111879E-01 -0.479340E-07  0.299478E-07  0.285218E-08  0.337053E-02 -0.271439E-07
  0.402797E-07 -0.235584E+01 -0.353954E-06 -0.134739E+00  0.434584E-07  0.175154E-06
 -0.572982E-09  0.267290E-06  0.115327E+01  0.183973E-07 -0.278252E-07 -0.233195E-06
 -0.525006E-09 -0.317055E-01  0.345244E-08  0.163627E-01  0.847755E-08  0.303669E-07
  0.747421E-03  0.220374E-06 -0.220098E-08  0.104092E-07  0.514908E-01 -0.158575E-07
 -0.216824E-08  0.890257E-06 -0.952423E-08  0.385389E-07  0.952679E-07 -0.108273E+00
29.6319
  0.118121E-01 -0.209839E-07 -0.633008E-09  0.374575E-08  0.450566E-02 -0.287127E-08
  0.124146E-07 -0.504706E+00  0.378059E-07 -0.475102E-01 -0.190734E-07 -0.165227E-06
 -0.187683E-07 -0.193017E-06  0.115665E+01 -0.123473E-07  0.899789E-09 -0.598302E-07
 -0.169075E-08 -0.132737E-01  0.134569E-07  0.172493E-01  0.306241E-08  0.896000E-08
  0.839957E-03  0.178698E-07  0.370019E-07  0.296041E-08  0.518901E-01 -0.895295E-08
 -0.798173E-08 -0.122702E-06  0.641012E-08 -0.718228E-08 -0.172287E-07 -0.202620E-01
29.9664
  0.114586E-01  0.619766E-07  0.823547E-08  0.591126E-08  0.322396E-02 -0.122500E-07
 -0.221189E-08 -0.737551E-01 -0.288564E-06 -0.267717E-01  0.178002E-07 -0.744330E-08
  0.309446E-07 -0.342261E-07  0.116147E+01  0.235741E-08 -0.179841E-07 -0.966702E-08
  0.126511E-08 -0.809352E-02 -0.635191E-08  0.174529E-01  0.253389E-08  0.362320E-09
  0.945330E-03  0.176951E-07  0.230320E-07  0.648197E-08  0.520296E-01  0.421011E-08
 -0.827913E-08 -0.201399E-07 -0.362379E-07 -0.181899E-10  0.120491E-07 -0.189626E-02
30.3008
  0.110554E-01  0.165946E-07  0.108564E-07 -0.271427E-09  0.194013E-02 -0.124692E-07
  0.258806E-07  0.113096E+00 -0.285509E-07 -0.176132E-01 -0.163102E-07 -0.429600E-07
  0.847649E-08 -0.704313E-07  0.114783E+01  0.390992E-07 -0.389009E-07 -0.390655E-07
  0.222553E-08 -0.335645E-02  0.112150E-07  0.175761E-01  0.728873E-09  0.487262E-09
  0.105221E-02  0.552391E-07 -0.264445E-07  0.497266E-08  0.520557E-01  0.607997E-08
  0.112550E-08 -0.349828E-07  0.383443E-08 -0.426462E-08  0.110600E-07  0.857858E-02
30.6353
  0.109672E-01  0.399014E-07 -0.718910E-08  0.179887E-08  0.176614E-02  0.235559E-08
  0.116415E-09  0.212981E+00 -0.937580E-07 -0.127779E-01  0.513276E-07 -0.311684E-07
  0.571890E-08 -0.258442E-06  0.112067E+01 -0.115360E-07 -0.420648E-07 -0.420305E-07
 -0.262116E-08  0.221811E-02  0.581713E-08  0.176738E-01  0.752628E-08 -0.109901E-08
  0.121142E-02  0.307045E-07  0.110922E-07  0.296950E-08  0.521802E-01  0.451894E-08
  0.938599E-09  0.289874E-07 -0.180225E-07  0.349428E-08  0.902292E-08  0.148919E-01
30.9697
  0.110847E-01  0.193468E-07 -0.365799E-08  0.309342E-09  0.204146E-02 -0.127585E-09
 -0.933505E-08  0.277908E+00 -0.245200E-07 -0.914325E-02  0.694320E-08 -0.771706E-08
 -0.120926E-07  0.919681E-07  0.112527E+01  0.153432E-07  0.226405E-07  0.301025E-07
  0.194495E-08  0.111655E-01  0.112841E-07  0.177402E-01 -0.122482E-08  0.100647E-08
  0.144865E-02  0.468572E-08  0.279651E-07 -0.734417E-09  0.521837E-01  0.988621E-08
 -0.124419E-08  0.237487E-07  0.128348E-07  0.664841E-09  0.640990E-08  0.170234E-01
31.3042
  0.112633E-01 -0.450091E-07  0.141190E-07 -0.106843E-08  0.137155E-02 -0.473119E-08
  0.391810E-08  0.442513E+00 -0.160071E-09 -0.396345E-02 -0.422169E-07  0.379623E-07
 -0.555156E-08 -0.891741E-07  0.112657E+01  0.917498E-08 -0.267146E-07 -0.218697E-07
 -0.188481E-08 -0.253433E-02  0.126583E-07  0.171612E-01  0.131849E-08  0.709264E-09
  0.138992E-02 -0.276777E-07 -0.673426E-07 -0.205273E-08  0.516464E-01  0.961609E-08
 -0.484943E-08  0.168220E-07  0.296095E-07  0.124783E-08 -0.106171E-08  0.191689E-01
31.6387
  0.109652E-01 -0.885848E-07  0.308501E-07 -0.942691E-09  0.176711E-02  0.388718E-08
  0.273940E-07  0.515237E+00  0.358123E-07 -0.293351E-02 -0.684756E-07  0.222799E-07
  0.629370E-08 -0.212167E-06  0.110822E+01 -0.404143E-07 -0.503895E-07  0.248601E-07
 -0.269847E-08 -0.252050E-01 -0.209893E-07  0.170697E-01 -0.747669E-10 -0.469299E-09
  0.102432E-02 -0.520959E-07 -0.215750E-07  0.363798E-09  0.529428E-01  0.986665E-08
  0.205546E-08  0.380678E-07  0.322834E-07  0.134696E-08  0.427342E-08  0.216700E-01
31.9731
  0.918148E-02 -0.483124E-08 -0.544605E-08 -0.436557E-10  0.136355E-02 -0.323871E-08
  0.208056E-07  0.521059E+00  0.161905E-06 -0.211854E-02  0.816405E-07  0.367463E-07
  0.195178E-08 -0.190688E-06  0.994041E+00 -0.152795E-07 -0.388204E-07 -0.122924E-06
  0.169257E-08 -0.160029E-01  0.361069E-08  0.172699E-01  0.391978E-08  0.160940E-07
  0.116016E-02  0.275904E-07  0.674845E-08  0.679347E-08  0.487819E-01 -0.587738E-08
  0.286400E-08  0.159489E-07 -0.400178E-10 -0.173168E-08  0.750365E-08  0.251318E-01
32.3076
  0.902814E-02 -0.261934E-09 -0.120781E-08 -0.132013E-08  0.266506E-02 -0.427872E-08
 -0.235377E-08  0.551880E+00 -0.332366E-07 -0.105002E-02 -0.375925E-08  0.412720E-07
  0.456203E-08 -0.105705E-06  0.105398E+01 -0.144428E-08  0.318208E-07  0.227092E-07
 -0.249202E-08 -0.936279E-02  0.705222E-08  0.173337E-01 -0.202168E-08 -0.674959E-09
  0.159380E-02  0.690052E-07  0.209420E-07  0.168711E-09  0.507891E-01 -0.936507E-08
  0.787986E-08  0.293949E-07  0.687214E-08  0.567525E-09  0.639659E-08  0.260755E-01
32.6420
  0.895680E-02 -0.187720E-07 -0.244236E-07 -0.233240E-08  0.316861E-02 -0.783950E-08
 -0.333530E-07  0.604744E+00  0.571308E-07 -0.137163E-03 -0.376491E-08 -0.142518E-08
 -0.141154E-08  0.323635E-07  0.110889E+01  0.412183E-08  0.289411E-07  0.325617E-07
  0.120417E-08 -0.378289E-02  0.180921E-07  0.172202E-01 -0.902208E-09  0.172008E-08
  0.194764E-02  0.386353E-07 -0.329910E-07 -0.695763E-10  0.508201E-01  0.122677E-07
 -0.559248E-08  0.142609E-07 -0.517684E-08  0.257296E-08  0.188842E-08  0.272544E-01
32.9765
  0.995647E-02 -0.477157E-07  0.683576E-08 -0.247269E-08  0.204131E-02 -0.953486E-08
  0.198779E-07  0.656017E+00 -0.170548E-07 -0.241831E-02 -0.457316E-07 -0.311356E-07
 -0.756627E-07 -0.430038E-06  0.113203E+01  0.145255E-07 -0.460479E-07 -0.858472E-07
  0.906039E-08 -0.299844E-02 -0.848468E-08  0.168727E-01  0.587035E-08 -0.693888E-08
  0.189889E-02  0.608561E-07 -0.386408E-07 -0.146179E-08  0.498315E-01  0.119168E-07
 -0.246473E-08 -0.107568E-06 -0.133477E-07  0.257842E-08 -0.314465E-09  0.303923E-01
33.3109
  0.938997E-02  0.142609E-08  0.207365E-09  0.641194E-10  0.147801E-02 -0.440496E-08
 -0.243817E-07  0.719068E+00 -0.148721E-06 -0.486543E-02  0.125453E-07 -0.341252E-07
 -0.137879E-07 -0.178756E-06  0.114618E+01  0.678483E-08 -0.338023E-07 -0.434738E-08
  0.288219E-08 -0.379822E-04  0.187265E-08  0.171877E-01  0.479901E-08  0.163448E-08
  0.117268E-02  0.203145E-07  0.201089E-07 -0.220689E-08  0.509968E-01 -0.932323E-08
 -0.127329E-08 -0.810833E-07 -0.128493E-07  0.102773E-09  0.730616E-09  0.342035E-01
33.6454
  0.923558E-02 -0.528817E-07 -0.176515E-07 -0.340606E-08  0.158072E-02  0.438320E-09
  0.162399E-07  0.790644E+00 -0.925502E-08 -0.741534E-02  0.419274E-08  0.376076E-08
  0.334840E-07  0.169239E-06  0.115074E+01  0.226864E-07  0.523535E-07  0.281034E-07
  0.522516E-08  0.358775E-02 -0.726641E-08  0.178115E-01  0.264512E-08  0.318624E-08
  0.140547E-02 -0.420259E-07 -0.591899E-08  0.390514E-08  0.516415E-01  0.418231E-08
  0.339787E-08 -0.759028E-07  0.847140E-07  0.200089E-10  0.458614E-08  0.366316E-01
33.9798
  0.953084E-02 -0.524160E-07 -0.152068E-07 -0.138425E-08  0.789495E-03 -0.646492E-08
  0.235013E-07  0.299636E+00 -0.862055E-07 -0.421332E-01  0.383245E-07  0.135818E-06
 -0.458022E-08  0.593136E-07  0.121355E+01  0.274449E-07  0.461512E-07  0.692557E-07
  0.401542E-09 -0.214170E-01  0.439090E-07  0.166088E-01  0.143124E-08 -0.100869E-07
  0.193260E-02  0.220170E-07  0.583041E-07  0.571788E-08  0.515132E-01 -0.169869E-07
  0.447835E-08  0.148953E-06  0.579421E-07  0.974615E-08 -0.337774E-08  0.401174E-01
34.3143
  0.978430E-02  0.341970E-08 -0.108030E-07  0.451701E-08 -0.685795E-03  0.325640E-07
 -0.914588E-07  0.175996E+00 -0.115848E-06 -0.325012E-01 -0.555868E-07 -0.973823E-07
  0.885339E-07 -0.355532E-06  0.127202E+01  0.611544E-08  0.597429E-07 -0.237653E-06
 -0.112886E-07 -0.198704E-01  0.726322E-08  0.174560E-01  0.556692E-08 -0.116588E-07
  0.191486E-02  0.493164E-07  0.723321E-08 -0.217085E-08  0.529475E-01 -0.766597E-07
 -0.393629E-07 -0.422588E-07 -0.252418E-06 -0.227410E-07  0.787003E-08 -0.807710E-02
34.6487
  0.964976E-02 -0.497676E-08 -0.126965E-08  0.234559E-08 -0.225394E-03 -0.503661E-09
  0.550026E-07  0.261466E+00 -0.782893E-07 -0.212873E-01  0.367052E-09  0.459795E-07
  0.163709E-08 -0.155182E-06  0.129192E+01 -0.385689E-07 -0.100757E-07  0.100927E-07
 -0.227487E-08 -0.819449E-02  0.787122E-08  0.183724E-01  0.110709E-08 -0.557534E-08
  0.186078E-02  0.590808E-07  0.404161E-07  0.250338E-09  0.549801E-01  0.149493E-07
 -0.329783E-08 -0.529690E-08  0.421260E-07 -0.487717E-09  0.181131E-08  0.906365E-02
34.9832
  0.995105E-02  0.105065E-07  0.109758E-07 -0.147611E-08  0.296031E-04 -0.381124E-08
 -0.162254E-07  0.342674E+00 -0.140644E-07 -0.130970E-01 -0.983144E-08  0.345281E-07
 -0.733053E-07 -0.153901E-06  0.129059E+01 -0.275177E-07 -0.191562E-08  0.282214E-07
  0.349064E-08 -0.252377E-02  0.161921E-07  0.189790E-01 -0.952671E-09 -0.119940E-08
  0.193899E-02  0.202454E-08  0.451494E-07 -0.230204E-08  0.559030E-01  0.762572E-08
  0.175714E-07  0.335276E-07  0.423461E-08 -0.477485E-09  0.820693E-08  0.155382E-01
35.3176
  0.100560E-01  0.191794E-07 -0.924592E-08 -0.606178E-09  0.692237E-03  0.592422E-08
  0.565306E-07  0.394935E+00 -0.697473E-07 -0.850751E-02 -0.193533E-07 -0.874934E-08
 -0.412474E-07  0.148779E-06  0.128523E+01 -0.239288E-08 -0.382757E-08 -0.562313E-07
  0.286764E-08 -0.189956E-02 -0.111463E-07  0.193354E-01 -0.590335E-08 -0.448495E-08
  0.162919E-02 -0.186410E-07  0.231939E-07  0.291175E-08  0.565753E-01 -0.127419E-07
 -0.889122E-08  0.500586E-08  0.970613E-08  0.150430E-08  0.164424E-08  0.164846E-01
35.6521
  0.100551E-01  0.315049E-07  0.161490E-07 -0.220780E-08  0.976725E-03  0.441457E-08
 -0.141372E-07  0.432674E+00  0.277796E-07 -0.512316E-02 -0.316700E-07 -0.372165E-08
  0.130422E-07 -0.467408E-06  0.129269E+01 -0.137024E-07  0.196319E-07 -0.524633E-07
  0.996897E-08 -0.245943E-02 -0.321888E-07  0.194095E-01 -0.274526E-08  0.199435E-07
  0.163047E-02 -0.160246E-06 -0.884575E-08 -0.886757E-10  0.570130E-01 -0.136401E-07
  0.608429E-08  0.160653E-07  0.237451E-07  0.862201E-09  0.187066E-08  0.194268E-01
35.9866
  0.101531E-01 -0.347063E-08 -0.355758E-07  0.200316E-09  0.108186E-02 -0.164266E-08
 -0.233584E-07  0.460570E+00 -0.163316E-06 -0.286555E-02  0.314546E-07 -0.130934E-07
  0.392465E-07  0.541331E-07  0.133026E+01 -0.348155E-08  0.823162E-07 -0.430737E-07
 -0.128966E-07 -0.254245E-02  0.182326E-07  0.193890E-01  0.556998E-08  0.108105E-07
  0.167878E-02  0.516739E-07 -0.536693E-07 -0.342925E-08  0.583229E-01 -0.257179E-07
  0.339615E-08  0.441214E-07 -0.112886E-07 -0.282307E-08 -0.629904E-08  0.210730E-01
36.3210
  0.101551E-01  0.197979E-07 -0.517803E-07  0.146895E-08 -0.499720E-03  0.177749E-08
  0.242926E-07  0.484659E+00  0.102547E-06 -0.122373E-02 -0.963520E-07 -0.456598E-07
 -0.973077E-07  0.489294E-06  0.115722E+01 -0.880427E-07 -0.178432E-06  0.110483E-06
  0.109499E-07 -0.251669E-02  0.112314E-07  0.193575E-01  0.138827E-07 -0.193747E-07
  0.212551E-02  0.201922E-06  0.215558E-06 -0.249702E-08  0.566156E-01  0.496201E-07
 -0.697582E-08  0.550062E-08 -0.151940E-06 -0.380260E-08  0.264601E-07  0.223564E-01
36.6555
  0.102195E-01 -0.107029E-07  0.217551E-07 -0.188720E-09  0.961942E-03 -0.120358E-07
 -0.261753E-07  0.509611E+00 -0.870205E-07 -0.530729E-04  0.374476E-08  0.143259E-07
  0.593864E-07 -0.535510E-07  0.123221E+01  0.122636E-07  0.307844E-07  0.601886E-07
  0.398268E-08 -0.180989E-02 -0.153632E-07  0.193466E-01  0.355112E-08  0.264669E-08
  0.182843E-02  0.467844E-07 -0.312593E-07 -0.522959E-11  0.537148E-01  0.765510E-08
 -0.195541E-09 -0.977889E-08 -0.296568E-07 -0.197315E-08 -0.266806E-08  0.235599E-01
36.9899
  0.103212E-01  0.886939E-08  0.909949E-09  0.252828E-08  0.984117E-03  0.476683E-08
  0.434738E-07  0.538507E+00  0.951404E-07  0.102583E-02 -0.289142E-07 -0.793079E-09
  0.285509E-07  0.422588E-07  0.124654E+01  0.898035E-08 -0.521079E-08  0.126711E-07
 -0.480713E-08 -0.125952E-02 -0.128612E-07  0.193964E-01  0.188322E-08  0.500700E-08
  0.183729E-02  0.353175E-07  0.927321E-08 -0.241243E-08  0.546428E-01 -0.225925E-08
  0.424916E-08  0.233413E-07  0.487853E-08 -0.432465E-09 -0.915984E-08  0.248469E-01
37.3244
  0.104832E-01  0.158616E-08  0.126211E-07  0.795808E-10  0.123084E-02  0.258774E-08
  0.235923E-07  0.574595E+00 -0.694927E-07  0.259092E-02 -0.796514E-08 -0.181317E-07
  0.940054E-08 -0.109663E-06  0.125470E+01  0.551518E-08 -0.232452E-07 -0.326377E-07
 -0.622094E-09 -0.775960E-03  0.258387E-08  0.194672E-01 -0.175659E-08 -0.479815E-09
  0.186704E-02  0.111613E-07 -0.313667E-07  0.894943E-09  0.550663E-01 -0.827504E-08
  0.132604E-08  0.131258E-07 -0.339769E-07  0.299679E-09  0.940339E-09  0.267195E-01
37.6588
  0.106753E-01  0.264699E-07 -0.628734E-08  0.233945E-08  0.152471E-02 -0.629143E-09
 -0.146320E-07  0.629780E+00 -0.206419E-06  0.533535E-02 -0.480028E-08  0.169621E-07
 -0.135478E-07 -0.367872E-07  0.126046E+01 -0.774708E-08 -0.205405E-07 -0.109039E-07
  0.450291E-08  0.191854E-03 -0.805721E-08  0.195561E-01 -0.450914E-08  0.808654E-09
  0.194562E-02 -0.192667E-07 -0.208820E-07 -0.227965E-08  0.553718E-01 -0.363548E-08
  0.363798E-10  0.443833E-07 -0.115178E-07  0.309228E-08  0.422963E-08  0.295193E-01
37.9933
  0.106953E-01  0.204018E-07 -0.121872E-07 -0.186446E-10  0.166012E-02  0.815476E-08
  0.707259E-07  0.745382E+00 -0.815126E-07  0.111858E-01 -0.339936E-08  0.595901E-07
 -0.374712E-07 -0.837026E-07  0.126550E+01 -0.367072E-08  0.100330E-07 -0.768978E-08
 -0.220098E-09  0.219043E-02  0.180444E-08  0.196877E-01  0.211206E-08 -0.202670E-08
  0.195362E-02 -0.554137E-07 -0.183609E-07 -0.665614E-08  0.555806E-01 -0.997488E-09
 -0.178989E-07 -0.782165E-07  0.235514E-07 -0.481509E-08  0.967756E-09  0.352157E-01
38.3277
  0.109306E-01  0.150190E-06  0.407626E-07  0.691239E-08  0.165566E-02  0.336267E-07
  0.813707E-07  0.123628E+01 -0.106854E-06  0.353052E-01 -0.641983E-07 -0.216275E-06
 -0.498403E-07  0.298722E-06  0.127076E+01 -0.166619E-07 -0.220265E-07 -0.109504E-06
  0.356295E-08  0.920574E-02 -0.107175E-07  0.200587E-01  0.131297E-09 -0.767511E-08
  0.204612E-02 -0.129396E-06  0.112068E-07 -0.659838E-08  0.558128E-01 -0.186947E-08
  0.286091E-07 -0.105078E-05  0.224049E-07 -0.667300E-07  0.307829E-07  0.733041E-01
38.6622
  0.111423E-01  0.112996E-06 -0.443652E-08  0.494651E-08  0.179131E-02  0.193313E-08
 -0.329310E-07 -0.287811E+00 -0.380751E-06 -0.398532E-01 -0.631846E-07  0.134874E-06
  0.501605E-07 -0.184518E-06  0.127596E+01 -0.923137E-08  0.383839E-07 -0.884393E-08
 -0.741784E-08 -0.150481E-01  0.794716E-08  0.189284E-01 -0.102988E-07  0.493219E-08
  0.209086E-02 -0.523869E-07  0.523178E-07 -0.303453E-08  0.560178E-01  0.211617E-08
  0.478667E-08  0.568980E-07 -0.743630E-07  0.911541E-09  0.433693E-08  0.336808E-02
38.9966
  0.110151E-01  0.477012E-07  0.158252E-09  0.626551E-08  0.183107E-02  0.542195E-08
 -0.321124E-07  0.222523E+00 -0.960426E-09 -0.138691E-01  0.274408E-07 -0.493569E-07
 -0.415821E-08  0.268919E-07  0.128051E+01 -0.211730E-07  0.281582E-08 -0.558975E-08
  0.761247E-09 -0.615400E-02 -0.807267E-08  0.194110E-01  0.350592E-09 -0.235445E-09
  0.207427E-02 -0.339933E-07  0.831278E-08 -0.124601E-09  0.561867E-01 -0.708042E-09
 -0.836371E-08 -0.378641E-07 -0.810905E-08 -0.603404E-08 -0.160114E-08  0.959756E-02
39.3311
  0.111860E-01 -0.201690E-07 -0.142736E-06 -0.429077E-08  0.186314E-02  0.280215E-07
 -0.186701E-07  0.315106E+00 -0.328873E-07 -0.910622E-02 -0.131964E-07 -0.260334E-07
  0.951695E-08  0.561704E-07  0.128530E+01 -0.892214E-08 -0.457556E-07 -0.143655E-08
 -0.194541E-08 -0.402512E-02  0.141972E-08  0.195634E-01 -0.310514E-08 -0.569639E-08
  0.217622E-02 -0.338478E-07 -0.187501E-07 -0.276486E-09  0.564963E-01 -0.658599E-08
 -0.146611E-08 -0.873115E-09 -0.332657E-07  0.307955E-08 -0.599456E-09  0.139355E-01
39.6655
  0.110759E-01 -0.657601E-07  0.170858E-07 -0.502882E-08  0.197970E-02  0.394084E-08
 -0.876753E-08  0.372561E+00 -0.190194E-07 -0.620541E-02  0.599238E-08  0.125960E-07
  0.354339E-08 -0.532600E-07  0.129282E+01 -0.107102E-07  0.947942E-08  0.265209E-08
  0.531145E-09 -0.335367E-02  0.129739E-07  0.196618E-01  0.206374E-09 -0.439286E-09
  0.221741E-02  0.118162E-07 -0.178261E-07  0.894488E-09  0.566886E-01  0.433636E-08
  0.301588E-08  0.130385E-07 -0.259388E-08 -0.101909E-08  0.614443E-08  0.169571E-01
40.0000
  0.110208E-01 -0.406726E-07  0.888031E-08 -0.509112E-08  0.230729E-02  0.307273E-08
 -0.125110E-07  0.401628E+00 -0.159118E-06 -0.444962E-02 -0.282314E-07 -0.166799E-07
  0.602813E-08  0.267755E-08  0.130173E+01  0.170712E-07 -0.693922E-08  0.127425E-07
  0.108230E-08 -0.251489E-02  0.804903E-09  0.197700E-01  0.554082E-08 -0.289469E-08
  0.237230E-02 -0.899308E-08  0.159889E-07  0.598220E-08  0.570507E-01  0.507930E-08
 -0.256114E-08 -0.873115E-08  0.180007E-07 -0.162891E-08 -0.243308E-08  0.187415E-01
