    3.141593E+01    0.000000E+00     1    9.880075E-05   -8.992445E+01   1.302788E-07   -9.880066E-05
    3.141593E+01    0.000000E+00     2    3.598173E-10    4.353324E+00   3.587792E-10    2.731256E-11
    3.141593E+01    0.000000E+00     3    7.496377E-02    7.363661E-03   7.496377E-02    9.634352E-06
    3.141593E+01    0.000000E+00     4    1.201801E-10    1.585824E+02  -1.118809E-10    4.388535E-11
    3.141593E+01    0.000000E+00     5    2.241751E-04   -8.992582E+01   2.902508E-07   -2.241749E-04
    3.141593E+01    0.000000E+00     6    6.510560E-11    1.777679E+02  -6.505620E-11    2.535755E-12
    1.175526E+01    0.000000E+00     1    2.637519E-04   -9.002246E+01  -1.034108E-07   -2.637519E-04
    1.175526E+01    0.000000E+00     2    4.209707E-10   -1.784617E+02  -4.208190E-10   -1.130111E-11
    1.175526E+01    0.000000E+00     3    7.471395E-02   -3.844469E-02   7.471393E-02   -5.013204E-05
    1.175526E+01    0.000000E+00     4    9.904532E-11   -8.165669E+00   9.804115E-11   -1.406799E-11
    1.175526E+01    0.000000E+00     5    6.001771E-04   -9.002201E+01  -2.305346E-07   -6.001770E-04
    1.175526E+01    0.000000E+00     6    4.277147E-11   -1.719209E+02  -4.234696E-11   -6.011122E-12
    7.231195E+00    0.000000E+00     1    4.311927E-04   -9.001919E+01  -1.443880E-07   -4.311927E-04
    7.231195E+00    0.000000E+00     2    7.759681E-10   -1.781757E+02  -7.755748E-10   -2.470256E-11
    7.231195E+00    0.000000E+00     3    7.428759E-02   -9.611901E-02   7.428749E-02   -1.246243E-04
    7.231195E+00    0.000000E+00     4    1.482283E-10   -1.602256E+01   1.424701E-10   -4.091335E-11
    7.231195E+00    0.000000E+00     5    9.801061E-04   -9.001881E+01  -3.217054E-07   -9.801060E-04
    7.231195E+00    0.000000E+00     6    2.779860E-11   -1.628775E+02  -2.656650E-11   -8.184333E-12
    5.221194E+00    0.000000E+00     1    6.024935E-04   -9.000623E+01  -6.556352E-08   -6.024935E-04
    5.221194E+00    0.000000E+00     2    8.017362E-10   -1.785387E+02  -8.014754E-10   -2.044585E-11
    5.221194E+00    0.000000E+00     3    7.367576E-02   -1.784490E-01   7.367541E-02   -2.294644E-04
    5.221194E+00    0.000000E+00     4    8.383125E-11   -3.170013E+01   7.132446E-11   -4.405110E-11
    5.221194E+00    0.000000E+00     5    1.366937E-03   -9.000611E+01  -1.458733E-07   -1.366937E-03
    5.221194E+00    0.000000E+00     6    1.779131E-11   -1.603583E+02  -1.675608E-11   -5.980333E-12
    4.085827E+00    0.000000E+00     1    7.790247E-04   -8.999558E+01   6.015180E-08   -7.790247E-04
    4.085827E+00    0.000000E+00     2    5.945391E-10   -1.794136E+02  -5.945080E-10   -6.085053E-12
    4.085827E+00    0.000000E+00     3    7.286964E-02   -2.990026E-01   7.286864E-02   -3.802743E-04
    4.085827E+00    0.000000E+00     4    7.239428E-11   -1.547496E+02  -6.547716E-11   -3.088159E-11
    4.085827E+00    0.000000E+00     5    1.763643E-03   -8.999564E+01   1.343500E-07   -1.763643E-03
    4.085827E+00    0.000000E+00     6    1.203812E-11   -1.733427E+02  -1.195695E-11   -1.395577E-12
    3.355865E+00    0.000000E+00     1    9.621568E-04   -8.999048E+01   1.598473E-07   -9.621568E-04
    3.355865E+00    0.000000E+00     2    2.508932E-10    1.775270E+02  -2.506596E-10    1.082575E-11
    3.355865E+00    0.000000E+00     3    7.186061E-02   -4.725568E-01   7.185817E-02   -5.926760E-04
    3.355865E+00    0.000000E+00     4    2.181939E-10   -1.776872E+02  -2.180162E-10   -8.805161E-12
    3.355865E+00    0.000000E+00     5    2.173201E-03   -8.999060E+01   3.563530E-07   -2.173201E-03
    3.355865E+00    0.000000E+00     6    1.176612E-11    1.623195E+02  -1.121035E-11    3.573479E-12
    2.847322E+00    0.000000E+00     1    1.153879E-03   -8.998479E+01   3.063946E-07   -1.153879E-03
    2.847322E+00    0.000000E+00     2    1.090649E-10   -6.113134E+00   1.084447E-10   -1.161454E-11
    2.847322E+00    0.000000E+00     3    7.063836E-02   -7.139287E-01   7.063287E-02   -8.801599E-04
    2.847322E+00    0.000000E+00     4    2.251347E-10   -1.788660E+02  -2.250906E-10   -4.455617E-12
    2.847322E+00    0.000000E+00     5    2.599470E-03   -8.998498E+01   6.816591E-07   -2.599470E-03
    2.847322E+00    0.000000E+00     6    2.256927E-11    1.759720E+02  -2.251352E-11    1.585361E-12
    2.472527E+00    0.000000E+00     1    1.355860E-03   -8.997790E+01   5.228811E-07   -1.355860E-03
    2.472527E+00    0.000000E+00     2    3.366132E-10   -2.947277E+00   3.361680E-10   -1.730764E-11
    2.472527E+00    0.000000E+00     3    6.919598E-02   -1.043297E+00   6.918451E-02   -1.259918E-03
    2.472527E+00    0.000000E+00     4    2.580568E-10    1.784966E+02  -2.579680E-10    6.770268E-12
    2.472527E+00    0.000000E+00     5    3.045881E-03   -8.997965E+01   1.081929E-06   -3.045881E-03
    2.472527E+00    0.000000E+00     6    3.994053E-11   -1.620687E+02  -3.800048E-11   -1.229672E-11
    2.185000E+00    0.000000E+00     1    1.569502E-03   -8.997454E+01   6.974411E-07   -1.569502E-03
    2.185000E+00    0.000000E+00     2    3.754737E-10   -6.589591E+00   3.729932E-10   -4.308812E-11
    2.185000E+00    0.000000E+00     3    6.752499E-02   -1.490214E+00   6.750215E-02   -1.756069E-03
    2.185000E+00    0.000000E+00     4    8.463257E-11   -1.765143E+02  -8.447600E-11   -5.145608E-12
    2.185000E+00    0.000000E+00     5    3.515682E-03   -8.997562E+01   1.495799E-06   -3.515681E-03
    2.185000E+00    0.000000E+00     6    2.327207E-11   -1.693758E+02  -2.287313E-11   -4.290596E-12
    1.957318E+00    0.000000E+00     1    1.795369E-03   -8.997960E+01   6.391757E-07   -1.795369E-03
    1.957318E+00    0.000000E+00     2    3.509512E-10    1.772771E+00   3.507832E-10    1.085694E-11
    1.957318E+00    0.000000E+00     3    6.562238E-02   -2.090420E+00   6.557871E-02   -2.393682E-03
    1.957318E+00    0.000000E+00     4    4.684919E-11    1.293229E+02  -2.968784E-11    3.624194E-11
    1.957318E+00    0.000000E+00     5    4.010846E-03   -8.998109E+01   1.324089E-06   -4.010845E-03
    1.957318E+00    0.000000E+00     6    4.233620E-12    1.265321E+02  -2.520162E-12    3.401812E-12
    1.772658E+00    0.000000E+00     1    2.032458E-03   -9.000784E+01  -2.782635E-07   -2.032458E-03
    1.772658E+00    0.000000E+00     2    3.129574E-10    7.872484E+00   3.100079E-10    4.286541E-11
    1.772658E+00    0.000000E+00     3    6.349376E-02   -2.877437E+00   6.341371E-02   -3.187364E-03
    1.772658E+00    0.000000E+00     4    1.428932E-10    2.390975E+01   1.306308E-10    5.791421E-11
    1.772658E+00    0.000000E+00     5    4.530820E-03   -9.000827E+01  -6.539781E-07   -4.530820E-03
    1.772658E+00    0.000000E+00     6    1.030935E-11    1.120642E+02  -3.872651E-12    9.554335E-12
    1.619795E+00    0.000000E+00     1    2.277364E-03   -9.008389E+01  -3.334301E-06   -2.277362E-03
    1.619795E+00    0.000000E+00     2    1.341795E-10    1.613909E+01   1.288914E-10    3.729787E-11
    1.619795E+00    0.000000E+00     3    6.115320E-02   -3.888427E+00   6.101243E-02   -4.147029E-03
    1.619795E+00    0.000000E+00     4    1.743953E-10    1.022537E+01   1.716254E-10    3.095875E-11
    1.619795E+00    0.000000E+00     5    5.071083E-03   -9.008118E+01  -7.185102E-06   -5.071077E-03
    1.619795E+00    0.000000E+00     6    1.228949E-11    9.442346E+01  -9.478557E-13    1.225289E-11
    1.491239E+00    0.000000E+00     1    2.523719E-03   -9.024079E+01  -1.060615E-05   -2.523697E-03
    1.491239E+00    0.000000E+00     2    4.554986E-11   -2.734051E+01   4.046161E-11   -2.092003E-11
    1.491239E+00    0.000000E+00     3    5.862189E-02   -5.148797E+00   5.838535E-02   -5.260879E-03
    1.491239E+00    0.000000E+00     4    2.310776E-10    1.677712E+01   2.212417E-10    6.670042E-11
    1.491239E+00    0.000000E+00     5    5.622274E-03   -9.023214E+01  -2.277923E-05   -5.622227E-03
    1.491239E+00    0.000000E+00     6    1.041582E-11    1.238930E+02  -5.808323E-12    8.645964E-12
    1.381557E+00    0.000000E+00     1    2.762067E-03   -9.052319E+01  -2.522128E-05   -2.761951E-03
    1.381557E+00    0.000000E+00     2    1.726237E-11    8.996425E+01   1.077076E-14    1.726236E-11
    1.381557E+00    0.000000E+00     3    5.592450E-02   -6.674340E+00   5.554549E-02   -6.499877E-03
    1.381557E+00    0.000000E+00     4    1.089861E-10   -1.914570E+01   1.029578E-10   -3.574432E-11
    1.381557E+00    0.000000E+00     5    6.170035E-03   -9.050296E+01  -5.416153E-05   -6.169797E-03
    1.381557E+00    0.000000E+00     6    3.544732E-11    2.501241E+01   3.212293E-11    1.498764E-11
    1.286905E+00    0.000000E+00     1    2.980348E-03   -9.098427E+01  -5.119594E-05   -2.979908E-03
    1.286905E+00    0.000000E+00     2    1.478665E-10    1.239551E+02  -8.258983E-11    1.226516E-10
    1.286905E+00    0.000000E+00     3    5.308071E-02   -8.457623E+00   5.250346E-02   -7.806999E-03
    1.286905E+00    0.000000E+00     4    3.685120E-11   -8.888877E+01   7.146697E-13   -3.684427E-11
    1.286905E+00    0.000000E+00     5    6.696136E-03   -9.094102E+01  -1.099712E-04   -6.695233E-03
    1.286905E+00    0.000000E+00     6    3.325700E-11    2.915934E+01   2.904227E-11    1.620414E-11
    1.204414E+00    0.000000E+00     1    3.164945E-03   -9.168420E+01  -9.301947E-05   -3.163578E-03
    1.204414E+00    0.000000E+00     2    2.606909E-10    1.301812E+02  -1.681996E-10    1.991698E-10
    1.204414E+00    0.000000E+00     3    5.010387E-02   -1.048214E+01   4.926772E-02   -9.115346E-03
    1.204414E+00    0.000000E+00     4    1.670427E-10   -1.551090E+02  -1.515261E-10   -7.030723E-11
    1.204414E+00    0.000000E+00     5    7.180396E-03   -9.159834E+01  -2.002806E-04   -7.177602E-03
    1.204414E+00    0.000000E+00     6    5.317222E-11    7.141824E+01   1.694373E-11    5.040034E-11
    1.131840E+00    0.000000E+00     1    3.302085E-03   -9.268773E+01  -1.548434E-04   -3.298452E-03
    1.131840E+00    0.000000E+00     2    1.925182E-10    1.454887E+02  -1.586378E-10    1.090747E-10
    1.131840E+00    0.000000E+00     3    4.699485E-02   -1.272053E+01   4.584139E-02   -1.034806E-02
    1.131840E+00    0.000000E+00     4    1.365366E-10   -1.473943E+02  -1.150183E-10   -7.357337E-11
    1.131840E+00    0.000000E+00     5    7.603124E-03   -9.252852E+01  -3.354247E-04   -7.595722E-03
    1.131840E+00    0.000000E+00     6    5.254883E-11    9.471748E+01  -4.321754E-12    5.237081E-11
    1.067534E+00    0.000000E+00     1    3.379251E-03   -9.406787E+01  -2.397176E-04   -3.370738E-03
    1.067534E+00    0.000000E+00     2    3.277024E-10    1.190891E+02  -1.593189E-10    2.863675E-10
    1.067534E+00    0.000000E+00     3    4.374436E-02   -1.514315E+01   4.222539E-02   -1.142740E-02
    1.067534E+00    0.000000E+00     4    2.567603E-10   -1.796318E+02  -2.567550E-10   -1.650210E-12
    1.067534E+00    0.000000E+00     5    7.947817E-03   -9.377901E+01  -5.238276E-04   -7.930536E-03
    1.067534E+00    0.000000E+00     6    8.760566E-11    9.682213E+01  -1.040646E-11    8.698539E-11
    1.010126E+00    0.000000E+00     1    3.386571E-03   -9.590652E+01  -3.484976E-04   -3.368592E-03
    1.010126E+00    0.000000E+00     2    3.505744E-10    1.358461E+02  -2.515269E-10    2.442061E-10
    1.010126E+00    0.000000E+00     3    4.033399E-02   -1.772991E+01   3.841824E-02   -1.228293E-02
    1.010126E+00    0.000000E+00     4    2.584668E-10   -1.642755E+02  -2.487939E-10   -7.004775E-11
    1.010126E+00    0.000000E+00     5    8.202921E-03   -9.539043E+01  -7.705996E-04   -8.166645E-03
    1.010126E+00    0.000000E+00     6    1.242267E-10    9.388299E+01  -8.412528E-12    1.239415E-10
    9.585917E-01    0.000000E+00     1    3.317510E-03   -9.829893E+01  -4.788416E-04   -3.282771E-03
    9.585917E-01    0.000000E+00     2    2.855992E-10    1.409051E+02  -2.216544E-10    1.801007E-10
    9.585917E-01    0.000000E+00     3    3.674943E-02   -2.048312E+01   3.442596E-02   -1.285978E-02
    9.585917E-01    0.000000E+00     4    2.205363E-10   -1.739497E+02  -2.193079E-10   -2.324473E-11
    9.585917E-01    0.000000E+00     5    8.362518E-03   -9.739087E+01  -1.075734E-03   -8.293040E-03
    9.585917E-01    0.000000E+00     6    9.418008E-11    6.838850E+01   3.468757E-11    8.755947E-11
    9.120473E-01    0.000000E+00     1    3.169494E-03   -1.013743E+02  -6.250819E-04   -3.107244E-03
    9.120473E-01    0.000000E+00     2    1.838274E-10    9.659358E+00   1.812212E-10    3.084442E-11
    9.120473E-01    0.000000E+00     3    3.298808E-02   -2.343286E+01   3.026745E-02   -1.311851E-02
    9.120473E-01    0.000000E+00     4    8.651430E-11    1.770185E+02  -8.639719E-11    4.499837E-12
    9.120473E-01    0.000000E+00     5    8.426047E-03   -9.979692E+01  -1.433747E-03   -8.303171E-03
    9.120473E-01    0.000000E+00     6    9.236306E-11    5.381221E+01   5.453426E-11    7.454495E-11
    8.698256E-01    0.000000E+00     1    2.944092E-03   -1.053216E+02  -7.779383E-04   -2.839452E-03
    8.698256E-01    0.000000E+00     2    2.283467E-10    1.718419E+01   2.181533E-10    6.746377E-11
    8.698256E-01    0.000000E+00     3    2.906758E-02   -2.665276E+01   2.597891E-02   -1.303920E-02
    8.698256E-01    0.000000E+00     4    6.144302E-11    9.752344E+01  -8.044849E-12    6.091408E-11
    8.698256E-01    0.000000E+00     5    8.396912E-03   -1.026078E+02  -1.832843E-03   -8.194439E-03
    8.698256E-01    0.000000E+00     6    1.228311E-10    4.513476E+01   8.665016E-11    8.705873E-11
    8.313291E-01    0.000000E+00     1    2.647759E-03   -1.104463E+02  -9.249411E-04   -2.480950E-03
    8.313291E-01    0.000000E+00     2    2.125394E-10   -1.832183E+01   2.017649E-10   -6.681266E-11
    8.313291E-01    0.000000E+00     3    2.502688E-02   -3.026384E+01   2.161607E-02   -1.261311E-02
    8.313291E-01    0.000000E+00     4    1.980574E-10    4.343234E+01   1.438266E-10    1.361639E-10
    8.313291E-01    0.000000E+00     5    8.280833E-03   -1.058098E+02  -2.256065E-03   -7.967582E-03
    8.313291E-01    0.000000E+00     6    6.663640E-11    7.147585E+01   2.117068E-11    6.318396E-11
    7.961058E-01    0.000000E+00     1    2.293540E-03   -1.172803E+02  -1.051232E-03   -2.038440E-03
    7.961058E-01    0.000000E+00     2    2.462339E-10   -5.107057E+00   2.452564E-10   -2.191900E-11
    7.961058E-01    0.000000E+00     3    2.092483E-02   -3.447294E+01   1.725029E-02   -1.184381E-02
    7.961058E-01    0.000000E+00     4    2.308747E-10    7.358553E+01   6.524144E-11    2.214649E-10
    7.961058E-01    0.000000E+00     5    8.085420E-03   -1.093745E+02  -2.682266E-03   -7.627547E-03
    7.961058E-01    0.000000E+00     6    4.904331E-11    7.002178E+01   1.675628E-11    4.609201E-11
    7.637367E-01    0.000000E+00     1    1.903925E-03   -1.267641E+02  -1.139541E-03   -1.525246E-03
    7.637367E-01    0.000000E+00     2    2.684366E-10   -2.156848E+00   2.682464E-10   -1.010267E-11
    7.637367E-01    0.000000E+00     3    1.683796E-02   -3.966060E+01   1.296251E-02   -1.074664E-02
    7.637367E-01    0.000000E+00     4    4.017397E-10    7.249262E+01   1.208548E-10    3.831304E-10
    7.637367E-01    0.000000E+00     5    7.820794E-03   -1.132515E+02  -3.087401E-03   -7.185595E-03
    7.637367E-01    0.000000E+00     6    3.984095E-11    6.560103E+01   1.645782E-11    3.628279E-11
    7.339055E-01    0.000000E+00     1    1.513634E-03   -1.405510E+02  -1.168815E-03   -9.617489E-04
    7.339055E-01    0.000000E+00     2    1.759905E-10   -1.481846E+01   1.701372E-10   -4.501085E-11
    7.339055E-01    0.000000E+00     3    1.288289E-02   -4.662450E+01   8.847668E-03   -9.364165E-03
    7.339055E-01    0.000000E+00     4    3.711596E-10    6.660314E+01   1.473866E-10    3.406415E-10
    7.339055E-01    0.000000E+00     5    7.500763E-03   -1.173155E+02  -3.442026E-03   -6.664376E-03
    7.339055E-01    0.000000E+00     6    7.218858E-11    1.742727E+02  -7.182822E-11    7.204019E-12
    7.063092E-01    0.000000E+00     1    1.172412E-03   -1.616276E+02  -1.112652E-03   -3.695349E-04
    7.063092E-01    0.000000E+00     2    4.615092E-10   -2.682776E+01   4.118357E-10   -2.082837E-10
    7.063092E-01    0.000000E+00     3    9.232636E-03   -5.709654E+01   5.015399E-03   -7.751602E-03
    7.063092E-01    0.000000E+00     4    3.974001E-10    7.518688E+01   1.016021E-10    3.841924E-10
    7.063092E-01    0.000000E+00     5    7.129180E-03   -1.212461E+02  -3.698013E-03   -6.095073E-03
    7.063092E-01    0.000000E+00     6    9.663030E-11   -1.535669E+02  -8.652807E-11   -4.301522E-11
    6.807130E-01    0.000000E+00     1    9.797027E-04    1.659046E+02  -9.502052E-04    2.385947E-04
    6.807130E-01    0.000000E+00     2    3.699872E-10   -6.453692E+00   3.676426E-10   -4.158662E-11
    6.807130E-01    0.000000E+00     3    6.175054E-03   -7.514929E+01   1.582674E-03   -5.968789E-03
    6.807130E-01    0.000000E+00     4    4.620559E-10    9.893236E+01  -7.174268E-11    4.564522E-10
    6.807130E-01    0.000000E+00     5    6.666324E-03   -1.245928E+02  -3.784742E-03   -5.487769E-03
    6.807130E-01    0.000000E+00     6    7.286378E-11   -1.769318E+02  -7.275933E-11   -3.900033E-12
    6.569140E-01    0.000000E+00     1    1.091655E-03    1.288618E+02  -6.849530E-04    8.500294E-04
    6.569140E-01    0.000000E+00     2    1.937345E-10    2.768891E+01   1.715487E-10    9.002274E-11
    6.569140E-01    0.000000E+00     3    4.288618E-03   -1.082900E+02  -1.345885E-03   -4.071958E-03
    6.569140E-01    0.000000E+00     4    3.831348E-10    1.327357E+02  -2.600021E-10    2.814093E-10
    6.569140E-01    0.000000E+00     5    6.041745E-03   -1.272054E+02  -3.653285E-03   -4.812089E-03
    6.569140E-01    0.000000E+00     6    1.613250E-10    1.413704E+02  -1.260268E-10    1.007124E-10
    6.347165E-01    0.000000E+00     1    1.474505E-03    1.033609E+02  -3.407342E-04    1.434596E-03
    6.347165E-01    0.000000E+00     2    2.550172E-10   -5.865624E-01   2.550038E-10   -2.610679E-12
    6.347165E-01    0.000000E+00     3    4.264915E-03   -1.502908E+02  -3.704299E-03   -2.113686E-03
    6.347165E-01    0.000000E+00     4    3.339684E-10    1.513526E+02  -2.930862E-10    1.601104E-10
    6.347165E-01    0.000000E+00     5    5.218220E-03   -1.293540E+02  -3.308926E-03   -4.034951E-03
    6.347165E-01    0.000000E+00     6    7.425000E-11    1.617553E+02  -7.051732E-11    2.324584E-11
    6.139761E-01    0.000000E+00     1    1.947184E-03    8.845624E+01   5.245797E-05    1.946477E-03
    6.139761E-01    0.000000E+00     2    3.716165E-10    1.539830E+01   3.582767E-10    9.867443E-11
    6.139761E-01    0.000000E+00     3    5.501286E-03   -1.781822E+02  -5.498517E-03   -1.745085E-04
    6.139761E-01    0.000000E+00     4    3.586993E-10    1.649258E+02  -3.463564E-10    9.328669E-11
    6.139761E-01    0.000000E+00     5    4.213865E-03   -1.315493E+02  -2.794907E-03   -3.153594E-03
    6.139761E-01    0.000000E+00     6    1.168112E-10    1.158602E+02  -5.095042E-11    1.051138E-10
    5.945426E-01    0.000000E+00     1    2.382347E-03    7.878571E+01   4.633164E-04    2.336860E-03
    5.945426E-01    0.000000E+00     2    5.909112E-10   -1.977673E+01   5.560583E-10   -1.999382E-10
    5.945426E-01    0.000000E+00     3    6.943541E-03    1.668510E+02  -6.761494E-03    1.579544E-03
    5.945426E-01    0.000000E+00     4    2.819988E-10    1.625232E+02  -2.689814E-10    8.468960E-11
    5.945426E-01    0.000000E+00     5    3.086845E-03   -1.346221E+02  -2.168284E-03   -2.197079E-03
    5.945426E-01    0.000000E+00     6    9.071980E-11    6.259444E+01   4.175705E-11    8.053838E-11
    5.763068E-01    0.000000E+00     1    2.704198E-03    7.153890E+01   8.563133E-04    2.565037E-03
    5.763068E-01    0.000000E+00     2    7.590248E-10   -3.085659E+01   6.515877E-10   -3.892970E-10
    5.763068E-01    0.000000E+00     3    8.028019E-03    1.584040E+02  -7.464467E-03    2.954796E-03
    5.763068E-01    0.000000E+00     4    2.164850E-10    1.415536E+02  -1.695490E-10    1.346064E-10
    5.763068E-01    0.000000E+00     5    1.922506E-03   -1.407431E+02  -1.488628E-03   -1.216559E-03
    5.763068E-01    0.000000E+00     6    5.267193E-11   -6.509868E-01   5.266853E-11   -5.984384E-13
    5.591515E-01    0.000000E+00     1    2.860642E-03    6.554052E+01   1.184448E-03    2.603912E-03
    5.591515E-01    0.000000E+00     2    7.767843E-10    9.326072E-01   7.766814E-10    1.264321E-11
    5.591515E-01    0.000000E+00     3    8.475081E-03    1.530385E+02  -7.553940E-03    3.842525E-03
    5.591515E-01    0.000000E+00     4    3.863423E-10    1.276268E+02  -2.358679E-10    3.059849E-10
    5.591515E-01    0.000000E+00     5    8.567008E-04   -1.613109E+02  -8.115279E-04   -2.745156E-04
    5.591515E-01    0.000000E+00     6    2.010154E-10   -4.425030E-02   2.010153E-10   -1.552469E-13
    5.429927E-01    0.000000E+00     1    2.795477E-03    6.031911E+01   1.384233E-03    2.428701E-03
    5.429927E-01    0.000000E+00     2    6.687269E-10   -1.547859E+01   6.444723E-10   -1.784687E-10
    5.429927E-01    0.000000E+00     3    8.203269E-03    1.490506E+02  -7.035299E-03    4.218790E-03
    5.429927E-01    0.000000E+00     4    2.154488E-10    1.171368E+02  -9.826986E-11    1.917321E-10
    5.429927E-01    0.000000E+00     5    5.982457E-04    1.084216E+02  -1.890500E-04    5.675896E-04
    5.429927E-01    0.000000E+00     6    2.242061E-10   -1.696940E+01   2.144444E-10   -6.543703E-11
    5.277371E-01    0.000000E+00     1    2.451453E-03    5.489445E+01   1.409793E-03    2.005519E-03
    5.277371E-01    0.000000E+00     2    7.175413E-10   -2.149840E+01   6.676204E-10   -2.629612E-10
    5.277371E-01    0.000000E+00     3    7.257548E-03    1.454921E+02  -5.980569E-03    4.111544E-03
    5.277371E-01    0.000000E+00     4    1.049250E-10    7.833876E+01   2.120795E-11    1.027593E-10
    5.277371E-01    0.000000E+00     5    1.285510E-03    7.522437E+01   3.278495E-04    1.243001E-03
    5.277371E-01    0.000000E+00     6    1.869513E-10   -5.781881E+01   9.956998E-11   -1.582296E-10
    5.133196E-01    0.000000E+00     1    1.829189E-03    4.607484E+01   1.268942E-03    1.317467E-03
    5.133196E-01    0.000000E+00     2    9.421132E-10    9.714650E+00   9.286036E-10    1.589735E-10
    5.133196E-01    0.000000E+00     3    5.762872E-03    1.416421E+02  -4.518953E-03    3.576277E-03
    5.133196E-01    0.000000E+00     4    1.014548E-10    6.014653E+01   5.050253E-11    8.799189E-11
    5.133196E-01    0.000000E+00     5    1.832495E-03    6.713044E+01   7.121707E-04    1.688446E-03
    5.133196E-01    0.000000E+00     6    1.589333E-10   -4.380393E+01   1.147042E-10   -1.100125E-10
    4.996648E-01    0.000000E+00     1    1.085817E-03    2.291947E+01   1.000096E-03    4.228575E-04
    4.996648E-01    0.000000E+00     2    1.116466E-09    1.283551E+01   1.088567E-09    2.480260E-10
    4.996648E-01    0.000000E+00     3    3.886042E-03    1.363670E+02  -2.812619E-03    2.681511E-03
    4.996648E-01    0.000000E+00     4    3.381232E-11    5.643429E+01   1.869459E-11    2.817420E-11
    4.996648E-01    0.000000E+00     5    2.116819E-03    6.255427E+01   9.756593E-04    1.878566E-03
    4.996648E-01    0.000000E+00     6    1.062491E-10   -1.264821E+01   1.036707E-10   -2.326475E-11
    4.867215E-01    0.000000E+00     1    8.524390E-04   -4.096463E+01   6.436889E-04   -5.588531E-04
    4.867215E-01    0.000000E+00     2    1.703584E-09    2.956465E+01   1.481777E-09    8.405573E-10
    4.867215E-01    0.000000E+00     3    1.903708E-03    1.224149E+02  -1.020476E-03    1.607088E-03
    4.867215E-01    0.000000E+00     4    7.029107E-11   -9.865891E+01  -1.058246E-11   -6.948989E-11
    4.867215E-01    0.000000E+00     5    2.146708E-03    5.854102E+01   1.120341E-03    1.831172E-03
    4.867215E-01    0.000000E+00     6    1.701039E-10    3.261729E+01   1.432767E-10    9.169022E-11
    4.744282E-01    0.000000E+00     1    1.515223E-03   -8.146149E+01   2.249713E-04   -1.498429E-03
    4.744282E-01    0.000000E+00     2    1.427642E-09    5.711420E+01   7.751618E-10    1.198869E-09
    4.744282E-01    0.000000E+00     3    8.367720E-04    3.847145E+01   6.551241E-04    5.205764E-04
    4.744282E-01    0.000000E+00     4    1.397236E-10   -1.255064E+02  -8.115062E-11   -1.137421E-10
    4.744282E-01    0.000000E+00     5    1.957444E-03    5.444741E+01   1.138156E-03    1.592541E-03
    4.744282E-01    0.000000E+00     6    2.897864E-10   -6.502584E+00   2.879222E-10   -3.281774E-11
    4.627407E-01    0.000000E+00     1    2.277245E-03   -9.543687E+01  -2.157665E-04   -2.267000E-03
    4.627407E-01    0.000000E+00     2    9.634859E-10    8.455407E+01   9.144094E-11    9.591369E-10
    4.627407E-01    0.000000E+00     3    2.029054E-03   -1.229737E+01   1.982499E-03   -4.321591E-04
    4.627407E-01    0.000000E+00     4    2.487456E-10   -1.363075E+02  -1.798574E-10   -1.718305E-10
    4.627407E-01    0.000000E+00     5    1.587496E-03    4.968258E+01   1.027144E-03    1.210421E-03
    4.627407E-01    0.000000E+00     6    2.184447E-10    3.093213E+01   1.873768E-10    1.122855E-10
    4.516183E-01    0.000000E+00     1    2.807899E-03   -1.027762E+02  -6.209501E-04   -2.738379E-03
    4.516183E-01    0.000000E+00     2    1.688691E-10    1.290430E+02  -1.063713E-10    1.311561E-10
    4.516183E-01    0.000000E+00     3    3.035404E-03   -2.329665E+01   2.787926E-03   -1.200477E-03
    4.516183E-01    0.000000E+00     4    2.817714E-10   -1.292698E+02  -1.783535E-10   -2.181402E-10
    4.516183E-01    0.000000E+00     5    1.089802E-03    4.257101E+01   8.025729E-04    7.372546E-04
    4.516183E-01    0.000000E+00     6    1.828704E-10    3.247578E+01   1.542729E-10    9.819098E-11
    4.410150E-01    0.000000E+00     1    2.947187E-03   -1.085357E+02  -9.368990E-04   -2.794304E-03
    4.410150E-01    0.000000E+00     2    9.750600E-10   -1.663181E+02  -9.473916E-10   -2.306323E-10
    4.410150E-01    0.000000E+00     3    3.522393E-03   -3.004601E+01   3.049067E-03   -1.763646E-03
    4.410150E-01    0.000000E+00     4    2.623728E-10   -1.337826E+02  -1.815420E-10   -1.894253E-10
    4.410150E-01    0.000000E+00     5    5.496713E-04    2.468374E+01   4.994460E-04    2.295478E-04
    4.410150E-01    0.000000E+00     6    1.204396E-10    4.112116E+01   9.072967E-11    7.920755E-11
    4.309012E-01    0.000000E+00     1    2.627682E-03   -1.159901E+02  -1.151493E-03   -2.361943E-03
    4.309012E-01    0.000000E+00     2    1.730492E-09   -1.560634E+02  -1.581661E-09   -7.021053E-10
    4.309012E-01    0.000000E+00     3    3.507796E-03   -3.599962E+01   2.837880E-03   -2.061812E-03
    4.309012E-01    0.000000E+00     4    2.796826E-10   -1.419147E+02  -2.201363E-10   -1.725176E-10
    4.309012E-01    0.000000E+00     5    3.019970E-04   -5.542722E+01   1.713690E-04   -2.486662E-04
    4.309012E-01    0.000000E+00     6    1.160843E-10    7.195677E+01   3.595531E-11    1.103756E-10
    4.212380E-01    0.000000E+00     1    1.962798E-03   -1.310482E+02  -1.288957E-03   -1.480259E-03
    4.212380E-01    0.000000E+00     2    2.247987E-09   -1.464259E+02  -1.872959E-09   -1.243169E-09
    4.212380E-01    0.000000E+00     3    3.040506E-03   -4.211906E+01   2.255304E-03   -2.039187E-03
    4.212380E-01    0.000000E+00     4    2.752600E-10   -1.237974E+02  -1.531154E-10   -2.287438E-10
    4.212380E-01    0.000000E+00     5    6.372591E-04   -1.017041E+02  -1.292724E-04   -6.240094E-04
    4.212380E-01    0.000000E+00     6    6.744207E-11    1.133455E+02  -2.672560E-11    6.192072E-11
    4.120013E-01    0.000000E+00     1    1.383593E-03   -1.669918E+02  -1.348087E-03   -3.114334E-04
    4.120013E-01    0.000000E+00     2    2.408005E-09   -1.470238E+02  -2.020067E-09   -1.310655E-09
    4.120013E-01    0.000000E+00     3    2.204287E-03   -4.982858E+01   1.421934E-03   -1.684335E-03
    4.120013E-01    0.000000E+00     4    1.761254E-10   -1.214061E+02  -9.177894E-11   -1.503223E-10
    4.120013E-01    0.000000E+00     5    9.210930E-04   -1.139910E+02  -3.745105E-04   -8.415190E-04
    4.120013E-01    0.000000E+00     6    1.592107E-10    1.473088E+02  -1.339906E-10    8.599152E-11
    4.031585E-01    0.000000E+00     1    1.580374E-03    1.442610E+02  -1.282768E-03    9.230857E-04
    4.031585E-01    0.000000E+00     2    2.208489E-09   -1.467739E+02  -1.847433E-09   -1.210130E-09
    4.031585E-01    0.000000E+00     3    1.161602E-03   -6.642755E+01   4.645345E-04   -1.064673E-03
    4.031585E-01    0.000000E+00     4    8.949337E-11   -1.310873E+02  -5.881581E-11   -6.745194E-11
    4.031585E-01    0.000000E+00     5    1.041644E-03   -1.217646E+02  -5.483524E-04   -8.856249E-04
    4.031585E-01    0.000000E+00     6    1.403268E-10    1.554344E+02  -1.276252E-10    5.833871E-11
    3.946898E-01    0.000000E+00     1    2.272384E-03    1.174441E+02  -1.047303E-03    2.016652E-03
    3.946898E-01    0.000000E+00     2    1.403041E-09   -1.267921E+02  -8.402992E-10   -1.123576E-09
    3.946898E-01    0.000000E+00     3    5.602654E-04   -1.458781E+02  -4.638135E-04   -3.142839E-04
    3.946898E-01    0.000000E+00     4    8.100641E-11   -1.106505E+02  -2.856825E-11   -7.580168E-11
    3.946898E-01    0.000000E+00     5    1.001527E-03   -1.289066E+02  -6.290114E-04   -7.793598E-04
    3.946898E-01    0.000000E+00     6    1.225239E-10    1.480332E+02  -1.039438E-10    6.486765E-11
    3.865672E-01    0.000000E+00     1    2.855650E-03    1.027403E+02  -6.297620E-04    2.785343E-03
    3.865672E-01    0.000000E+00     2    3.394153E-10   -1.159100E+02  -1.483106E-10   -3.052977E-10
    3.865672E-01    0.000000E+00     3    1.269934E-03    1.584169E+02  -1.180893E-03    4.671459E-04
    3.865672E-01    0.000000E+00     4    3.197097E-11    5.630584E+01   1.773620E-11    2.660019E-11
    3.865672E-01    0.000000E+00     5    8.273365E-04   -1.366534E+02  -6.016514E-04   -5.678920E-04
    3.865672E-01    0.000000E+00     6    2.405322E-11    1.087722E+02  -7.740481E-12    2.277372E-11
    3.787744E-01    0.000000E+00     1    3.077368E-03    9.126142E+01  -6.774544E-05    3.076622E-03
    3.787744E-01    0.000000E+00     2    3.823283E-10    1.024774E+02  -8.260382E-11    3.732981E-10
    3.787744E-01    0.000000E+00     3    1.938713E-03    1.437925E+02  -1.564314E-03    1.145220E-03
    3.787744E-01    0.000000E+00     4    6.989716E-11    1.474177E+02  -5.889668E-11    3.764033E-11
    3.787744E-01    0.000000E+00     5    5.435881E-04   -1.478623E+02  -4.602951E-04   -2.891651E-04
    3.787744E-01    0.000000E+00     6    1.598784E-10   -1.418971E+01   1.550004E-10   -3.919151E-11
    3.712874E-01    0.000000E+00     1    2.879213E-03    7.837380E+01   5.802356E-04    2.820140E-03
    3.712874E-01    0.000000E+00     2    5.247155E-10    5.455625E+01   3.042843E-10    4.274780E-10
    3.712874E-01    0.000000E+00     3    2.289985E-03    1.336971E+02  -1.582026E-03    1.655665E-03
    3.712874E-01    0.000000E+00     4    7.505783E-11   -1.593793E+02  -7.024904E-11   -2.643389E-11
    3.712874E-01    0.000000E+00     5    2.293729E-04    1.774028E+02  -2.291373E-04    1.039378E-05
    3.712874E-01    0.000000E+00     6    1.631516E-10    7.533075E+01   4.131629E-11    1.578334E-10
    3.640928E-01    0.000000E+00     1    2.396576E-03    5.922981E+01   1.226079E-03    2.059201E-03
    3.640928E-01    0.000000E+00     2    1.440670E-09    3.968135E+01   1.108751E-09    9.198929E-10
    3.640928E-01    0.000000E+00     3    4.588282E-03   -1.762600E+02  -4.578510E-03   -2.992858E-04
    3.640928E-01    0.000000E+00     4    8.215620E-11   -1.190809E+02  -3.993155E-11   -7.179911E-11
    3.640928E-01    0.000000E+00     5    2.819207E-04    8.281903E+01   3.524114E-05    2.797094E-04
    3.640928E-01    0.000000E+00     6    2.206010E-10    9.373776E+01  -1.438095E-11    2.201317E-10
    3.571696E-01    0.000000E+00     1    1.996448E-03    2.923481E+01   1.742151E-03    9.750450E-04
    3.571696E-01    0.000000E+00     2    5.954019E-10    7.836367E+01   1.200919E-10    5.831649E-10
    3.571696E-01    0.000000E+00     3    1.957324E-03    8.939844E+01   2.054982E-05    1.957216E-03
    3.571696E-01    0.000000E+00     4    1.324448E-10   -7.921789E+01   2.477706E-11   -1.301066E-10
    3.571696E-01    0.000000E+00     5    5.771282E-04    4.826943E+01   3.841531E-04    4.307010E-04
    3.571696E-01    0.000000E+00     6    1.566184E-10    7.151468E+01   4.965769E-11    1.485377E-10
    3.505049E-01    0.000000E+00     1    1.988107E-03   -7.258155E+00   1.972176E-03   -2.511778E-04
    3.505049E-01    0.000000E+00     2    3.091988E-10    1.747872E+02  -3.079199E-10    2.809236E-11
    3.505049E-01    0.000000E+00     3    4.982314E-03    3.657988E+01   4.000931E-03    2.969175E-03
    3.505049E-01    0.000000E+00     4    1.207761E-10   -7.049510E+01   4.032563E-11   -1.138451E-10
    3.505049E-01    0.000000E+00     5    8.198453E-04    4.029691E+01   6.252987E-04    5.302338E-04
    3.505049E-01    0.000000E+00     6    1.344053E-10    5.660221E+01   7.398321E-11    1.122109E-10
    3.440862E-01    0.000000E+00     1    2.363156E-03   -3.667364E+01   1.895370E-03   -1.411410E-03
    3.440862E-01    0.000000E+00     2    8.434995E-10    1.722516E+02  -8.357982E-10    1.137227E-10
    3.440862E-01    0.000000E+00     3    7.971447E-03    2.763997E+01   7.061747E-03    3.698067E-03
    3.440862E-01    0.000000E+00     4    3.295276E-11   -2.604616E+01   2.960610E-11   -1.446940E-11
    3.440862E-01    0.000000E+00     5    8.425306E-04    3.584237E+01   6.829814E-04    4.933499E-04
    3.440862E-01    0.000000E+00     6    1.395303E-10    1.252267E+01   1.362109E-10    3.025379E-11
    3.378965E-01    0.000000E+00     1    2.619598E-03   -5.735500E+01   1.413095E-03   -2.205777E-03
    3.378965E-01    0.000000E+00     2    1.500712E-09   -1.586891E+02  -1.398097E-09   -5.454007E-10
    3.378965E-01    0.000000E+00     3    9.875251E-03    2.355214E+01   9.052611E-03    3.945987E-03
    3.378965E-01    0.000000E+00     4    4.078735E-11   -1.596177E+01   3.921481E-11   -1.121635E-11
    3.378965E-01    0.000000E+00     5    7.768048E-04    2.640296E+01   6.957753E-04    3.454307E-04
    3.378965E-01    0.000000E+00     6    1.480783E-10   -3.267726E+01   1.246412E-10   -7.994842E-11
    3.319273E-01    0.000000E+00     1    2.646811E-03   -7.616140E+01   6.330846E-04   -2.569983E-03
    3.319273E-01    0.000000E+00     2    1.599568E-09   -1.418601E+02  -1.258068E-09   -9.878677E-10
    3.319273E-01    0.000000E+00     3    1.057800E-02    2.153057E+01   9.839887E-03    3.882100E-03
    3.319273E-01    0.000000E+00     4    1.272125E-10    8.715809E+01   6.307244E-12    1.270560E-10
    3.319273E-01    0.000000E+00     5    6.289952E-04    1.620028E+01   6.040193E-04    1.754870E-04
    3.319273E-01    0.000000E+00     6    1.907458E-10   -8.242020E+01   2.516067E-11   -1.890791E-10
    3.261637E-01    0.000000E+00     1    2.319144E-03   -9.452545E+01  -1.829849E-04   -2.311914E-03
    3.261637E-01    0.000000E+00     2    1.602438E-09   -1.248627E+02  -9.159733E-10   -1.314838E-09
    3.261637E-01    0.000000E+00     3    1.001011E-02    2.041634E+01   9.381303E-03    3.491921E-03
    3.261637E-01    0.000000E+00     4    1.742647E-10    8.667007E+01   1.012227E-11    1.739705E-10
    3.261637E-01    0.000000E+00     5    4.055786E-04   -8.752436E+00   4.008557E-04   -6.171504E-05
    3.261637E-01    0.000000E+00     6    2.632150E-11   -9.374194E+01  -1.717812E-12   -2.626538E-11
    3.205985E-01    0.000000E+00     1    1.817297E-03   -1.221701E+02  -9.675927E-04   -1.538289E-03
    3.205985E-01    0.000000E+00     2    1.742183E-09   -8.629855E+01   1.124709E-10   -1.738549E-09
    3.205985E-01    0.000000E+00     3    8.249721E-03    2.057463E+01   7.723515E-03    2.899175E-03
    3.205985E-01    0.000000E+00     4    2.779636E-10    8.554381E+01   2.159690E-11    2.771233E-10
    3.205985E-01    0.000000E+00     5    3.246847E-04   -5.455993E+01   1.882688E-04   -2.645279E-04
    3.205985E-01    0.000000E+00     6    1.849343E-10   -1.529739E+02  -1.647394E-10   -8.403355E-11
    3.152184E-01    0.000000E+00     1    1.546757E-03   -1.637838E+02  -1.485219E-03   -4.319521E-04
    3.152184E-01    0.000000E+00     2    1.855709E-09   -5.487945E+01   1.067587E-09   -1.517865E-09
    3.152184E-01    0.000000E+00     3    5.223871E-03    2.161968E+01   4.856372E-03    1.924704E-03
    3.152184E-01    0.000000E+00     4    3.031390E-10    9.601076E+01  -3.174328E-11    3.014725E-10
    3.152184E-01    0.000000E+00     5    3.939536E-04   -9.117993E+01  -8.112400E-06   -3.938701E-04
    3.152184E-01    0.000000E+00     6    1.686610E-10    1.535657E+02  -1.510267E-10    7.508308E-11
    3.100174E-01    0.000000E+00     1    1.799157E-03    1.551462E+02  -1.632524E-03    7.561943E-04
    3.100174E-01    0.000000E+00     2    2.001418E-09   -3.069303E+01   1.721048E-09   -1.021601E-09
    3.100174E-01    0.000000E+00     3    1.118897E-03    2.458513E+01   1.017462E-03    4.655112E-04
    3.100174E-01    0.000000E+00     4    3.486854E-10    9.819237E+01  -4.968669E-11    3.451271E-10
    3.100174E-01    0.000000E+00     5    4.523169E-04   -1.068876E+02  -1.313956E-04   -4.328115E-04
    3.100174E-01    0.000000E+00     6    2.188928E-10    1.772563E+02  -2.186418E-10    1.047812E-11
    3.049838E-01    0.000000E+00     1    2.193628E-03    1.293042E+02  -1.389528E-03    1.697415E-03
    3.049838E-01    0.000000E+00     2    2.965051E-09    1.382101E+01   2.879203E-09    7.083196E-10
    3.049838E-01    0.000000E+00     3    4.033325E-03   -1.547536E+02  -3.648069E-03   -1.720264E-03
    3.049838E-01    0.000000E+00     4    3.548841E-10    1.077679E+02  -1.082972E-10    3.379563E-10
    3.049838E-01    0.000000E+00     5    4.026938E-04   -1.108972E+02  -1.436378E-04   -3.762053E-04
    3.049838E-01    0.000000E+00     6    3.587663E-10   -1.374275E+02  -2.642033E-10   -2.427135E-10
    3.001125E-01    0.000000E+00     1    2.270579E-03    1.107432E+02  -8.041928E-04    2.123394E-03
    3.001125E-01    0.000000E+00     2    2.196243E-09    1.972761E+01   2.067341E-09    7.413396E-10
    3.001125E-01    0.000000E+00     3    8.682679E-04    1.449010E+02  -7.103814E-04    4.992468E-04
    3.001125E-01    0.000000E+00     4    2.496829E-10    1.092132E+02  -8.216682E-11    2.357756E-10
    3.001125E-01    0.000000E+00     5    2.484047E-04   -9.091641E+01  -3.972908E-06   -2.483729E-04
    3.001125E-01    0.000000E+00     6    3.059131E-10   -1.632026E+02  -2.928606E-10   -8.840516E-11
    2.953930E-01    0.000000E+00     1    1.882743E-03    9.052191E+01  -1.714970E-05    1.882665E-03
    2.953930E-01    0.000000E+00     2    9.680717E-10    2.738779E+01   8.595639E-10    4.453232E-10
    2.953930E-01    0.000000E+00     3    7.129537E-04    1.579614E+02  -6.608592E-04    2.675224E-04
    2.953930E-01    0.000000E+00     4    2.021778E-10    1.494289E+02  -1.740748E-10    1.028291E-10
    2.953930E-01    0.000000E+00     5    8.944286E-05   -1.119774E+01   8.774012E-05   -1.736941E-05
    2.953930E-01    0.000000E+00     6    3.460920E-10   -1.113452E+02  -1.259726E-10   -3.223516E-10
    2.908209E-01    0.000000E+00     1    1.325230E-03    5.333133E+01   7.914093E-04    1.062970E-03
    2.908209E-01    0.000000E+00     2    1.888647E-09    7.296254E+01   5.533678E-10    1.805761E-09
    2.908209E-01    0.000000E+00     3    5.353819E-04    1.405819E+02  -4.136000E-04    3.399541E-04
    2.908209E-01    0.000000E+00     4    2.562571E-10    1.511384E+02  -2.244270E-10    1.236940E-10
    2.908209E-01    0.000000E+00     5    2.185279E-04    4.759230E+01   1.473756E-04    1.613533E-04
    2.908209E-01    0.000000E+00     6    4.668670E-10   -1.076412E+02  -1.414862E-10   -4.449117E-10
    2.863869E-01    0.000000E+00     1    1.270441E-03   -1.159278E+00   1.270181E-03   -2.570337E-05
    2.863869E-01    0.000000E+00     2    3.160779E-09    7.484730E+01   8.262037E-10    3.050887E-09
    2.863869E-01    0.000000E+00     3    1.679733E-04    9.035859E+01  -1.051265E-06    1.679700E-04
    2.863869E-01    0.000000E+00     4    2.479649E-10    1.399943E+02  -1.899364E-10    1.594076E-10
    2.863869E-01    0.000000E+00     5    3.817042E-04    4.669973E+01   2.617811E-04    2.777927E-04
    2.863869E-01    0.000000E+00     6    7.166585E-10   -1.119914E+02  -2.683653E-10   -6.645145E-10
    2.820861E-01    0.000000E+00     1    1.779964E-03   -4.152146E+01   1.332673E-03   -1.179939E-03
    2.820861E-01    0.000000E+00     2    3.746146E-09    8.145633E+01   5.565393E-10    3.704574E-09
    2.820861E-01    0.000000E+00     3    4.246566E-04   -4.794857E+00   4.231704E-04   -3.549636E-05
    2.820861E-01    0.000000E+00     4    2.891716E-10    1.161701E+02  -1.275355E-10    2.595282E-10
    2.820861E-01    0.000000E+00     5    4.492106E-04    4.934705E+01   2.926497E-04    3.408024E-04
    2.820861E-01    0.000000E+00     6    5.410008E-10   -1.304905E+02  -3.512836E-10   -4.114386E-10
    2.779138E-01    0.000000E+00     1    2.145781E-03   -6.277517E+01   9.816591E-04   -1.908067E-03
    2.779138E-01    0.000000E+00     2    3.817353E-09    8.293253E+01   4.696795E-10    3.788349E-09
    2.779138E-01    0.000000E+00     3    7.973041E-04   -2.050261E+01   7.467999E-04   -2.792558E-04
    2.779138E-01    0.000000E+00     4    2.324555E-10    1.024229E+02  -5.000695E-11    2.270129E-10
    2.779138E-01    0.000000E+00     5    3.410087E-04    4.854044E+01   2.257788E-04    2.555598E-04
    2.779138E-01    0.000000E+00     6    3.645266E-10   -1.515355E+02  -3.204598E-10   -1.737388E-10
    2.738619E-01    0.000000E+00     1    2.097262E-03   -8.448236E+01   2.016566E-04   -2.087545E-03
    2.738619E-01    0.000000E+00     2    3.201347E-09    6.488745E+01   1.358645E-09    2.898742E-09
    2.738619E-01    0.000000E+00     3    9.870608E-04   -2.279011E+01   9.100010E-04   -3.823444E-04
    2.738619E-01    0.000000E+00     4    2.647497E-10    9.069817E+01  -3.226013E-12    2.647300E-10
    2.738619E-01    0.000000E+00     5    1.845899E-04    4.315089E+01   1.346685E-04    1.262451E-04
    2.738619E-01    0.000000E+00     6    4.228238E-10    1.745036E+02  -4.208797E-10    4.049955E-11
    2.699276E-01    0.000000E+00     1    1.773337E-03   -1.121214E+02  -6.677846E-04   -1.642798E-03
    2.699276E-01    0.000000E+00     2    3.217454E-09    5.781184E+01   1.713942E-09    2.722942E-09
    2.699276E-01    0.000000E+00     3    8.848733E-04   -2.594796E+01   7.956709E-04   -3.871804E-04
    2.699276E-01    0.000000E+00     4    2.878163E-10    1.054326E+02  -7.658926E-11    2.774388E-10
    2.699276E-01    0.000000E+00     5    2.531902E-05   -7.214521E+01   7.762955E-06   -2.409958E-05
    2.699276E-01    0.000000E+00     6    5.466572E-10    1.445117E+02  -4.451070E-10    3.173544E-10
    2.661036E-01    0.000000E+00     1    1.545371E-03   -1.529029E+02  -1.375744E-03   -7.039173E-04
    2.661036E-01    0.000000E+00     2    3.358055E-09    5.355132E+01   1.995029E-09    2.701183E-09
    2.661036E-01    0.000000E+00     3    6.019224E-04   -2.311920E+01   5.535820E-04   -2.363420E-04
    2.661036E-01    0.000000E+00     4    2.054862E-10    1.065905E+02  -5.867236E-11    1.969318E-10
    2.661036E-01    0.000000E+00     5    1.848748E-04   -1.229404E+02  -1.005286E-04   -1.551538E-04
    2.661036E-01    0.000000E+00     6    4.297915E-10    1.467460E+02  -3.594124E-10    2.356766E-10
    2.623876E-01    0.000000E+00     1    1.733453E-03    1.674599E+02  -1.692100E-03    3.763721E-04
    2.623876E-01    0.000000E+00     2    2.969501E-09    4.956016E+01   1.926164E-09    2.260050E-09
    2.623876E-01    0.000000E+00     3    2.557357E-04    6.357117E+00   2.541632E-04    2.831637E-05
    2.623876E-01    0.000000E+00     4    5.446265E-11    1.336666E+02  -3.760431E-11    3.939666E-11
    2.623876E-01    0.000000E+00     5    2.800839E-04   -1.233877E+02  -1.541304E-04   -2.338606E-04
    2.623876E-01    0.000000E+00     6    4.056269E-10    1.496514E+02  -3.500426E-10    2.049473E-10
    2.587728E-01    0.000000E+00     1    1.893280E-03    1.406209E+02  -1.463439E-03    1.201190E-03
    2.587728E-01    0.000000E+00     2    1.303214E-09   -4.712534E-01   1.303170E-09   -1.071871E-11
    2.587728E-01    0.000000E+00     3    2.863999E-04    6.804279E+01   1.070889E-04    2.656254E-04
    2.587728E-01    0.000000E+00     4    1.136055E-10   -8.080722E+01   1.814925E-11   -1.121464E-10
    2.587728E-01    0.000000E+00     5    2.955409E-04   -1.185070E+02  -1.410516E-04   -2.597092E-04
    2.587728E-01    0.000000E+00     6    8.760940E-10    1.173567E+02  -4.025898E-10    7.781145E-10
    2.552574E-01    0.000000E+00     1    1.681928E-03    1.148774E+02  -7.075494E-04    1.525863E-03
    2.552574E-01    0.000000E+00     2    1.492235E-09   -9.729436E+01  -1.894646E-10   -1.480158E-09
    2.552574E-01    0.000000E+00     3    1.671120E-03    1.359804E+02  -1.201706E-03    1.161270E-03
    2.552574E-01    0.000000E+00     4    3.276098E-10   -1.095874E+02  -1.098294E-10   -3.086514E-10
    2.552574E-01    0.000000E+00     5    1.869428E-04   -1.440222E+02  -1.512824E-04   -1.098237E-04
    2.552574E-01    0.000000E+00     6    4.634746E-10    1.314991E+01   4.513215E-10    1.054403E-10
    2.518351E-01    0.000000E+00     1    1.347776E-03    8.337013E+01   1.556075E-04    1.338763E-03
    2.518351E-01    0.000000E+00     2    1.630447E-09    5.949477E+01   8.276426E-10    1.404765E-09
    2.518351E-01    0.000000E+00     3    1.086349E-03    1.537426E+02  -9.742552E-04    4.806058E-04
    2.518351E-01    0.000000E+00     4    2.899931E-10   -1.105460E+02  -1.017756E-10   -2.715469E-10
    2.518351E-01    0.000000E+00     5    2.041016E-04   -5.728667E+01   1.103039E-04   -1.717281E-04
    2.518351E-01    0.000000E+00     6    2.607319E-10    4.173976E+01   1.945520E-10    1.735818E-10
    2.485044E-01    0.000000E+00     1    1.062838E-03    3.844536E+01   8.324165E-04    6.608388E-04
    2.485044E-01    0.000000E+00     2    9.346138E-10   -5.605739E+00   9.301441E-10   -9.129549E-11
    2.485044E-01    0.000000E+00     3    3.021000E-04   -1.270759E+02  -1.821279E-04   -2.410267E-04
    2.485044E-01    0.000000E+00     4    3.014377E-10   -7.673103E+01   6.918679E-11   -2.933903E-10
    2.485044E-01    0.000000E+00     5    4.207496E-04   -2.929245E+01   3.669499E-04   -2.058592E-04
    2.485044E-01    0.000000E+00     6    9.682746E-10    1.597748E+02  -9.085717E-10    3.347434E-10
    2.452597E-01    0.000000E+00     1    1.137509E-03   -1.149357E+01   1.114698E-03   -2.266576E-04
    2.452597E-01    0.000000E+00     2    1.637902E-09   -3.375195E+01   1.361835E-09   -9.100160E-10
    2.452597E-01    0.000000E+00     3    1.196210E-03   -5.427128E+01   6.985249E-04   -9.710727E-04
    2.452597E-01    0.000000E+00     4    3.056530E-10   -5.743333E+01   1.645271E-10   -2.575939E-10
    2.452597E-01    0.000000E+00     5    5.762392E-04   -2.509769E+01   5.218341E-04   -2.444193E-04
    2.452597E-01    0.000000E+00     6    1.756262E-09    1.636777E+02  -1.685478E-09    4.935804E-10
    2.420995E-01    0.000000E+00     1    1.244786E-03   -4.639617E+01   8.584890E-04   -9.013817E-04
    2.420995E-01    0.000000E+00     2    1.166277E-09    2.386438E+01   1.066567E-09    4.718443E-10
    2.420995E-01    0.000000E+00     3    2.150240E-03   -4.717320E+01   1.461700E-03   -1.577011E-03
    2.420995E-01    0.000000E+00     4    2.750675E-10   -5.564506E+01   1.552255E-10   -2.270840E-10
    2.420995E-01    0.000000E+00     5    6.480825E-04   -3.189531E+01   5.502317E-04   -3.424266E-04
    2.420995E-01    0.000000E+00     6    2.059286E-09    1.712032E+02  -2.035062E-09    3.149295E-10
    2.390189E-01    0.000000E+00     1    1.147612E-03   -8.090456E+01   1.814139E-04   -1.133182E-03
    2.390189E-01    0.000000E+00     2    2.785835E-09   -1.481403E+01   2.693236E-09   -7.122891E-10
    2.390189E-01    0.000000E+00     3    2.718781E-03   -4.401801E+01   1.955134E-03   -1.889239E-03
    2.390189E-01    0.000000E+00     4    1.956029E-10   -2.664162E+01   1.748355E-10   -8.771001E-11
    2.390189E-01    0.000000E+00     5    6.728126E-04   -4.427140E+01   4.817616E-04   -4.696622E-04
    2.390189E-01    0.000000E+00     6    2.226248E-09    1.701190E+02  -2.193224E-09    3.820303E-10
    2.360165E-01    0.000000E+00     1    1.012584E-03   -1.247910E+02  -5.777645E-04   -8.315736E-04
    2.360165E-01    0.000000E+00     2    2.859465E-09    1.075608E+00   2.858961E-09    5.367729E-11
    2.360165E-01    0.000000E+00     3    2.741450E-03   -4.180128E+01   2.043645E-03   -1.827311E-03
    2.360165E-01    0.000000E+00     4    5.242015E-11   -1.543294E+01   5.053001E-11   -1.394955E-11
    2.360165E-01    0.000000E+00     5    6.572194E-04   -5.982093E+01   3.303869E-04   -5.681389E-04
    2.360165E-01    0.000000E+00     6    2.175787E-09    1.699509E+02  -2.142407E-09    3.796571E-10
    2.330878E-01    0.000000E+00     1    1.108561E-03   -1.739610E+02  -1.102409E-03   -1.166270E-04
    2.330878E-01    0.000000E+00     2    3.427004E-09    2.456964E+01   3.116711E-09    1.424945E-09
    2.330878E-01    0.000000E+00     3    2.270034E-03   -3.890048E+01   1.766626E-03   -1.425512E-03
    2.330878E-01    0.000000E+00     4    9.740803E-11   -1.572226E+02  -8.981172E-11   -3.771178E-11
    2.330878E-01    0.000000E+00     5    6.327562E-04   -7.870966E+01   1.238815E-04   -6.205109E-04
    2.330878E-01    0.000000E+00     6    1.614763E-09    1.750241E+02  -1.608677E-09    1.400603E-10
    2.302309E-01    0.000000E+00     1    1.335398E-03    1.497932E+02  -1.154071E-03    6.718696E-04
    2.302309E-01    0.000000E+00     2    4.627950E-09    1.906702E+00   4.625388E-09    1.539816E-10
    2.302309E-01    0.000000E+00     3    1.403296E-03   -2.982440E+01   1.217435E-03   -6.979202E-04
    2.302309E-01    0.000000E+00     4    8.454262E-11   -1.364295E+02  -6.125344E-11   -5.827066E-11
    2.302309E-01    0.000000E+00     5    6.094790E-04   -9.762200E+01  -8.083947E-05   -6.040940E-04
    2.302309E-01    0.000000E+00     6    1.274197E-09   -1.594095E+02  -1.192799E-09   -4.481188E-10
    2.274440E-01    0.000000E+00     1    1.363069E-03    1.210142E+02  -7.023222E-04    1.168204E-03
    2.274440E-01    0.000000E+00     2    4.013893E-09   -1.118108E+01   3.937707E-09   -7.783360E-10
    2.274440E-01    0.000000E+00     3    4.688874E-04    3.779600E+01   3.705138E-04    2.873585E-04
    2.274440E-01    0.000000E+00     4    1.404455E-10    1.448088E+02  -1.147768E-10    8.093966E-11
    2.274440E-01    0.000000E+00     5    5.582468E-04   -1.158545E+02  -2.434443E-04   -5.023688E-04
    2.274440E-01    0.000000E+00     6    6.272823E-10    1.667778E+02  -6.106532E-10    1.434773E-10
    2.247229E-01    0.000000E+00     1    1.169540E-03    8.763309E+01   4.830035E-05    1.168542E-03
    2.247229E-01    0.000000E+00     2    3.339539E-09   -7.063956E+00   3.314190E-09   -4.106872E-10
    2.247229E-01    0.000000E+00     3    1.939665E-03    1.276112E+02  -1.183778E-03    1.536545E-03
    2.247229E-01    0.000000E+00     4    1.926365E-10    1.776187E+02  -1.924701E-10    8.003800E-12
    2.247229E-01    0.000000E+00     5    4.480889E-04   -1.385578E+02  -3.358982E-04   -2.965739E-04
    2.247229E-01    0.000000E+00     6    4.883522E-10    2.665970E+01   4.364342E-10    2.191190E-10
    2.220670E-01    0.000000E+00     1    9.634689E-04    4.813603E+01   6.429848E-04    7.175255E-04
    2.220670E-01    0.000000E+00     2    3.470784E-09    5.079193E+00   3.457156E-09    3.072775E-10
    2.220670E-01    0.000000E+00     3    1.490119E-03    1.263979E+02  -8.842209E-04    1.199420E-03
    2.220670E-01    0.000000E+00     4    7.325891E-11   -1.433817E+02  -5.879959E-11   -4.369755E-11
    2.220670E-01    0.000000E+00     5    3.129905E-04   -1.136216E+02  -1.254138E-04   -2.867655E-04
    2.220670E-01    0.000000E+00     6    1.132723E-09    8.891009E+01   2.154596E-11    1.132518E-09
    2.194723E-01    0.000000E+00     1    9.032604E-04   -2.824343E+00   9.021632E-04   -4.450736E-05
    2.194723E-01    0.000000E+00     2    2.986801E-09   -4.621724E+01   2.066645E-09   -2.156376E-09
    2.194723E-01    0.000000E+00     3    1.369303E-03    1.162633E+02  -6.059130E-04    1.227949E-03
    2.194723E-01    0.000000E+00     4    1.512203E-10   -6.424079E+01   6.571884E-11   -1.361933E-10
    2.194723E-01    0.000000E+00     5    1.521686E-04   -8.606281E+01   1.044834E-05   -1.518095E-04
    2.194723E-01    0.000000E+00     6    1.795312E-09    1.071038E+02  -5.280065E-10    1.715912E-09
    2.169383E-01    0.000000E+00     1    1.007496E-03   -4.363732E+01   7.291480E-04   -6.952643E-04
    2.169383E-01    0.000000E+00     2    2.662682E-09   -4.517604E+01   1.877007E-09   -1.888576E-09
    2.169383E-01    0.000000E+00     3    1.062769E-03    1.031844E+02  -2.424026E-04    1.034755E-03
    2.169383E-01    0.000000E+00     4    1.574300E-10   -6.259743E+01   7.245553E-11   -1.397655E-10
    2.169383E-01    0.000000E+00     5    1.018696E-04   -3.613079E+01   8.227737E-05   -6.006544E-05
    2.169383E-01    0.000000E+00     6    1.846079E-09    1.085857E+02  -5.883886E-10    1.749802E-09
    2.144615E-01    0.000000E+00     1    9.451374E-04   -7.795273E+01   1.972678E-04   -9.243214E-04
    2.144615E-01    0.000000E+00     2    7.422530E-10   -9.216143E+01  -2.799419E-11   -7.417249E-10
    2.144615E-01    0.000000E+00     3    8.321014E-04    8.527291E+01   6.857317E-05    8.292711E-04
    2.144615E-01    0.000000E+00     4    1.787470E-10   -5.830495E+01   9.391336E-11   -1.520881E-10
    2.144615E-01    0.000000E+00     5    1.156295E-04   -1.863869E+01   1.095651E-04   -3.695511E-05
    2.144615E-01    0.000000E+00     6    1.630004E-09    1.109628E+02  -5.831541E-10    1.522118E-09
    2.120413E-01    0.000000E+00     1    7.808080E-04   -1.205019E+02  -3.963124E-04   -6.727538E-04
    2.120413E-01    0.000000E+00     2    1.071385E-09   -8.122889E+01   1.633728E-10   -1.058855E-09
    2.120413E-01    0.000000E+00     3    6.688298E-04    7.108601E+01   2.168001E-04    6.327172E-04
    2.120413E-01    0.000000E+00     4    1.675691E-10   -5.061016E+01   1.063383E-10   -1.295051E-10
    2.120413E-01    0.000000E+00     5    1.121578E-04   -2.748721E+01   9.949671E-05   -5.176648E-05
    2.120413E-01    0.000000E+00     6    1.626695E-09    1.135728E+02  -6.505377E-10    1.490952E-09
    2.096743E-01    0.000000E+00     1    7.305819E-04   -1.714368E+02  -7.224375E-04   -1.087842E-04
    2.096743E-01    0.000000E+00     2    1.044300E-09   -1.757061E+02  -1.041368E-09   -7.819010E-11
    2.096743E-01    0.000000E+00     3    5.573849E-04    6.207972E+01   2.609913E-04    4.925053E-04
    2.096743E-01    0.000000E+00     4    1.401390E-10   -6.522910E+01   5.871698E-11   -1.272449E-10
    2.096743E-01    0.000000E+00     5    1.065725E-04   -5.152350E+01   6.630870E-05   -8.343169E-05
    2.096743E-01    0.000000E+00     6    1.220056E-09    1.108738E+02  -4.347187E-10    1.139981E-09
    2.073604E-01    0.000000E+00     1    7.774273E-04    1.429830E+02  -6.207425E-04    4.680513E-04
    2.073604E-01    0.000000E+00     2    2.107712E-09    1.383456E+02  -1.574814E-09    1.400860E-09
    2.073604E-01    0.000000E+00     3    5.296084E-04    5.693719E+01   2.889322E-04    4.438505E-04
    2.073604E-01    0.000000E+00     4    1.400864E-10   -1.403591E+02  -1.078747E-10   -8.937143E-11
    2.073604E-01    0.000000E+00     5    4.079673E-05    4.311275E+01   2.978203E-05    2.788196E-05
    2.073604E-01    0.000000E+00     6    5.641352E-10    9.001082E+01  -1.065447E-13    5.641352E-10
    2.050963E-01    0.000000E+00     1    7.612412E-04    1.045632E+02  -1.914130E-04    7.367830E-04
    2.050963E-01    0.000000E+00     2    1.429428E-09   -1.753711E+02  -1.424765E-09   -1.153570E-10
    2.050963E-01    0.000000E+00     3    2.869788E-04    1.011909E+02  -5.569655E-05    2.815222E-04
    2.050963E-01    0.000000E+00     4    1.338602E-10   -1.482666E+02  -1.138488E-10   -7.040613E-11
    2.050963E-01    0.000000E+00     5    5.657498E-05    7.118191E+01   1.824908E-05    5.355091E-05
    2.050963E-01    0.000000E+00     6    6.381894E-11    1.461586E+02  -5.300689E-11    3.554049E-11
    2.028817E-01    0.000000E+00     1    6.478296E-04    6.225725E+01   3.015663E-04    5.733594E-04
    2.028817E-01    0.000000E+00     2    1.822947E-09   -1.633978E+02  -1.746951E-09   -5.208626E-10
    2.028817E-01    0.000000E+00     3    4.335512E-04    1.711853E+02  -4.284306E-04    6.643686E-05
    2.028817E-01    0.000000E+00     4    1.728459E-10    1.731517E+02  -1.716127E-10    2.061041E-11
    2.028817E-01    0.000000E+00     5    9.611750E-05    6.154548E+01   4.579624E-05    8.450608E-05
    2.028817E-01    0.000000E+00     6    3.149166E-10    1.064473E+02  -8.916363E-11    3.020303E-10
    2.007138E-01    0.000000E+00     1    5.959093E-04    8.579534E+00   5.892409E-04    8.889904E-05
    2.007138E-01    0.000000E+00     2    2.680665E-09   -1.571838E+02  -2.470912E-09   -1.039497E-09
    2.007138E-01    0.000000E+00     3    6.935330E-04   -1.677703E+02  -6.777940E-04   -1.469124E-04
    2.007138E-01    0.000000E+00     4    1.841306E-10   -1.656029E+02  -1.783481E-10   -4.578244E-11
    2.007138E-01    0.000000E+00     5    1.589150E-04    5.568250E+01   8.959281E-05    1.312520E-04
    2.007138E-01    0.000000E+00     6    2.651744E-10    1.012969E+02  -5.194591E-11    2.600367E-10
    1.985918E-01    0.000000E+00     1    6.596369E-04   -3.783953E+01   5.209363E-04   -4.046556E-04
    1.985918E-01    0.000000E+00     2    2.258248E-09   -1.109643E+02  -8.079710E-10   -2.108759E-09
    1.985918E-01    0.000000E+00     3    8.539169E-04   -1.571717E+02  -7.870311E-04   -3.312948E-04
    1.985918E-01    0.000000E+00     4    9.131646E-11   -1.160919E+02  -4.016211E-11   -8.201037E-11
    1.985918E-01    0.000000E+00     5    2.000397E-04    5.501598E+01   1.146923E-04    1.638949E-04
    1.985918E-01    0.000000E+00     6    4.034164E-10    7.601418E+01   9.749837E-11    3.914574E-10
    1.965147E-01    0.000000E+00     1    6.521643E-04   -7.557394E+01   1.624740E-04   -6.316015E-04
    1.965147E-01    0.000000E+00     2    2.088430E-09   -7.204016E+01   6.439682E-10   -1.986667E-09
    1.965147E-01    0.000000E+00     3    8.747738E-04   -1.478960E+02  -7.410074E-04   -4.649056E-04
    1.965147E-01    0.000000E+00     4    1.400310E-10   -9.259730E+01  -6.345634E-12   -1.398872E-10
    1.965147E-01    0.000000E+00     5    1.942900E-04    5.620594E+01   1.080659E-04    1.614631E-04
    1.965147E-01    0.000000E+00     6    3.751377E-10    7.293652E+00   3.721022E-10    4.762549E-11
    1.944801E-01    0.000000E+00     1    5.430185E-04   -1.171015E+02  -2.473820E-04   -4.833956E-04
    1.944801E-01    0.000000E+00     2    3.535847E-09   -4.115752E+01   2.662150E-09   -2.327052E-09
    1.944801E-01    0.000000E+00     3    7.358628E-04   -1.426400E+02  -5.848921E-04   -4.465371E-04
    1.944801E-01    0.000000E+00     4    2.341599E-10   -6.306097E+01   1.060843E-10   -2.087510E-10
    1.944801E-01    0.000000E+00     5    1.380084E-04    5.526801E+01   7.862867E-05    1.134189E-04
    1.944801E-01    0.000000E+00     6    4.816600E-10   -3.502993E+00   4.807601E-10   -2.942975E-11
    1.924878E-01    0.000000E+00     1    4.731033E-04   -1.701285E+02  -4.660989E-04   -8.110842E-05
    1.924878E-01    0.000000E+00     2    3.599411E-09   -3.178851E+00   3.593873E-09   -1.995980E-10
    1.924878E-01    0.000000E+00     3    5.483019E-04   -1.464483E+02  -4.569478E-04   -3.030408E-04
    1.924878E-01    0.000000E+00     4    1.457995E-10   -3.202591E+01   1.236100E-10   -7.731787E-11
    1.924878E-01    0.000000E+00     5    7.169520E-05    3.773695E+01   5.669865E-05    4.388013E-05
    1.924878E-01    0.000000E+00     6    4.339451E-10   -7.886942E+01   8.377123E-11   -4.257825E-10
    1.905352E-01    0.000000E+00     1    4.927977E-04    1.411518E+02  -3.837960E-04    3.091120E-04
    1.905352E-01    0.000000E+00     2    3.328729E-09    3.400733E+01   2.759403E-09    1.861755E-09
    1.905352E-01    0.000000E+00     3    2.961585E-04   -1.488290E+02  -2.534010E-04   -1.532899E-04
    1.905352E-01    0.000000E+00     4    1.031435E-10   -1.437549E+01   9.991399E-11   -2.560799E-11
    1.905352E-01    0.000000E+00     5    3.516610E-05   -1.533105E+01   3.391469E-05   -9.297765E-06
    1.905352E-01    0.000000E+00     6    2.807242E-10   -4.273150E+01   2.062036E-10   -1.904892E-10
    1.886225E-01    0.000000E+00     1    4.603151E-04    1.008241E+02  -8.644481E-05    4.521253E-04
    1.886225E-01    0.000000E+00     2    2.954274E-09    5.504235E+01   1.692713E-09    2.421251E-09
    1.886225E-01    0.000000E+00     3    1.127421E-04    3.303878E+01   9.451188E-05    6.146773E-05
    1.886225E-01    0.000000E+00     4    1.137730E-10    1.220610E+01   1.112010E-10    2.405489E-11
    1.886225E-01    0.000000E+00     5    3.510041E-05   -5.969722E+01   1.771060E-05   -3.030468E-05
    1.886225E-01    0.000000E+00     6    4.821969E-10   -1.374157E+01   4.683950E-10   -1.145425E-10
    1.867472E-01    0.000000E+00     1    3.769097E-04    5.278846E+01   2.279397E-04    3.001739E-04
    1.867472E-01    0.000000E+00     2    3.174369E-09    1.012032E+02  -6.167440E-10    3.113879E-09
    1.867472E-01    0.000000E+00     3    4.546172E-04    3.283674E+01   3.819780E-04    2.465149E-04
    1.867472E-01    0.000000E+00     4    8.552182E-11    9.917693E+01  -1.363934E-11    8.442718E-11
    1.867472E-01    0.000000E+00     5    4.634075E-05    7.719090E+01   1.027390E-05    4.518753E-05
    1.867472E-01    0.000000E+00     6    6.153659E-10    5.316418E+00   6.127187E-10    5.701728E-11
    1.849094E-01    0.000000E+00     1    3.266665E-04   -2.917608E+00   3.262431E-04   -1.662728E-05
    1.849094E-01    0.000000E+00     2    4.409313E-09    1.294884E+02  -2.803977E-09    3.402904E-09
    1.849094E-01    0.000000E+00     3    3.533836E-04    3.526886E+01   2.885206E-04    2.040487E-04
    1.849094E-01    0.000000E+00     4    1.174062E-10    1.075609E+02  -3.542372E-11    1.119347E-10
    1.849094E-01    0.000000E+00     5    2.820085E-05   -4.673594E+01   1.932778E-05   -2.053594E-05
    1.849094E-01    0.000000E+00     6    5.408634E-10    5.512567E+01   3.092540E-10    4.437287E-10
    1.831069E-01    0.000000E+00     1    3.384687E-04   -5.440996E+01   1.969826E-04   -2.752434E-04
    1.831069E-01    0.000000E+00     2    3.146155E-09    1.323785E+02  -2.120586E-09    2.324092E-09
    1.831069E-01    0.000000E+00     3    2.491214E-04    2.709780E+01   2.217754E-04    1.134775E-04
    1.831069E-01    0.000000E+00     4    1.941812E-10    1.133453E+02  -7.694845E-11    1.782842E-10
    1.831069E-01    0.000000E+00     5    6.080035E-05   -4.892141E+01   3.995152E-05   -4.583185E-05
    1.831069E-01    0.000000E+00     6    6.094838E-10    5.358364E+01   3.618192E-10    4.904664E-10
    1.813397E-01    0.000000E+00     1    3.168221E-04   -9.677763E+01  -3.739019E-05   -3.146080E-04
    1.813397E-01    0.000000E+00     2    3.064363E-09    1.632805E+02  -2.934817E-09    8.815737E-10
    1.813397E-01    0.000000E+00     3    1.436967E-04    1.864804E+01   1.361527E-04    4.594758E-05
    1.813397E-01    0.000000E+00     4    2.465996E-10    1.409469E+02  -1.915000E-10    1.553676E-10
    1.813397E-01    0.000000E+00     5    5.656359E-05   -5.013977E+01   3.625256E-05   -4.341878E-05
    1.813397E-01    0.000000E+00     6    6.636545E-10   -2.236051E+01   6.137532E-10   -2.524761E-10
    1.796058E-01    0.000000E+00     1    2.510988E-04   -1.485573E+02  -2.142281E-04   -1.309845E-04
    1.796058E-01    0.000000E+00     2    3.729204E-10    1.705713E+02  -3.678824E-10    6.109179E-11
    1.796058E-01    0.000000E+00     3    1.179917E-04   -3.937741E+01   9.120566E-05   -7.485696E-05
    1.796058E-01    0.000000E+00     4    1.397397E-10    1.494188E+02  -1.203032E-10    7.109378E-11
    1.796058E-01    0.000000E+00     5    2.899312E-05   -3.838583E+01   2.272617E-05   -1.800339E-05
    1.796058E-01    0.000000E+00     6    6.091217E-10   -4.876289E+01   4.015188E-10   -4.580523E-10
    1.779052E-01    0.000000E+00     1    2.464330E-04    1.538358E+02  -2.211821E-04    1.086632E-04
    1.779052E-01    0.000000E+00     2    2.313971E-09    6.711342E-01   2.313812E-09    2.710409E-11
    1.779052E-01    0.000000E+00     3    1.183975E-04   -3.688565E+01   9.469848E-05   -7.106456E-05
    1.779052E-01    0.000000E+00     4    9.933697E-11   -1.477598E+02  -8.402110E-11   -5.299329E-11
    1.779052E-01    0.000000E+00     5    1.176535E-05    3.879353E+01   9.170019E-06    7.371180E-06
    1.779052E-01    0.000000E+00     6    5.488031E-10   -5.332679E+01   3.277728E-10   -4.401703E-10
    1.762361E-01    0.000000E+00     1    2.466981E-04    1.083591E+02  -7.770284E-05    2.341415E-04
    1.762361E-01    0.000000E+00     2    3.296308E-09    1.221386E+01   3.221695E-09    6.973708E-10
    1.762361E-01    0.000000E+00     3    6.295118E-05    5.507515E+00   6.266057E-05    6.041821E-06
    1.762361E-01    0.000000E+00     4    1.054764E-10   -5.236470E+01   6.440737E-11   -8.352816E-11
    1.762361E-01    0.000000E+00     5    2.863426E-05    9.124148E+01  -6.203957E-07    2.862754E-05
    1.762361E-01    0.000000E+00     6    2.038291E-10   -5.654132E+01   1.123782E-10   -1.700512E-10
    1.745979E-01    0.000000E+00     1    2.022609E-04    6.381009E+01   8.926740E-05    1.814960E-04
    1.745979E-01    0.000000E+00     2    4.512494E-09    3.648648E+01   3.628033E-09    2.683279E-09
    1.745979E-01    0.000000E+00     3    4.980563E-05    5.100153E+01   3.134267E-05    3.870708E-05
    1.745979E-01    0.000000E+00     4    7.278633E-11   -1.086931E+01   7.148054E-11   -1.372528E-11
    1.745979E-01    0.000000E+00     5    4.381237E-05    7.093615E+01   1.431007E-05    4.140949E-05
    1.745979E-01    0.000000E+00     6    2.834930E-10   -6.306894E+01   1.283991E-10   -2.527488E-10
    1.729904E-01    0.000000E+00     1    1.675714E-04    6.660099E+00   1.664405E-04    1.943477E-05
    1.729904E-01    0.000000E+00     2    4.274175E-09    5.774847E+01   2.280858E-09    3.614728E-09
    1.729904E-01    0.000000E+00     3    5.773287E-05    4.083437E+01   4.368087E-05    3.775006E-05
    1.729904E-01    0.000000E+00     4    8.576067E-11   -5.277827E+01   5.187673E-11   -6.829128E-11
    1.729904E-01    0.000000E+00     5    6.352595E-05    6.331846E+01   2.852513E-05    5.676146E-05
    1.729904E-01    0.000000E+00     6    6.027437E-10    1.990606E+01   5.667311E-10    2.052215E-10
    1.714118E-01    0.000000E+00     1    1.678042E-04   -4.529796E+01   1.180368E-04   -1.192709E-04
    1.714118E-01    0.000000E+00     2    4.859893E-09    6.700125E+01   1.898814E-09    4.473596E-09
    1.714118E-01    0.000000E+00     3    8.842927E-05    4.090964E+01   6.682983E-05    5.790949E-05
    1.714118E-01    0.000000E+00     4    9.376096E-11   -2.251746E+01   8.661289E-11   -3.590716E-11
    1.714118E-01    0.000000E+00     5    6.710703E-05    5.929134E+01   3.426974E-05    5.769696E-05
    1.714118E-01    0.000000E+00     6    8.663748E-10    4.665660E+01   5.946532E-10    6.300738E-10
    1.698622E-01    0.000000E+00     1    1.449896E-04   -8.771424E+01   5.782678E-06   -1.448743E-04
    1.698622E-01    0.000000E+00     2    5.417529E-09    7.686898E+01   1.230746E-09    5.275877E-09
    1.698622E-01    0.000000E+00     3    8.254257E-05    6.560525E+01   3.409181E-05    7.517329E-05
    1.698622E-01    0.000000E+00     4    1.945542E-10    5.483309E+00   1.936639E-10    1.859078E-11
    1.698622E-01    0.000000E+00     5    5.845024E-05    5.566641E+01   3.296654E-05    4.826633E-05
    1.698622E-01    0.000000E+00     6    9.149031E-10    2.294569E+01   8.425112E-10    3.566826E-10
    1.683399E-01    0.000000E+00     1    1.083244E-04   -1.409413E+02  -8.411403E-05   -6.825698E-05
    1.683399E-01    0.000000E+00     2    1.801658E-09    9.516345E+01  -1.621444E-10    1.794347E-09
    1.683399E-01    0.000000E+00     3    7.916970E-05    9.291006E+01  -4.019314E-06    7.906761E-05
    1.683399E-01    0.000000E+00     4    3.223968E-10   -2.671121E+01   2.879917E-10   -1.449153E-10
    1.683399E-01    0.000000E+00     5    5.272917E-05    5.651546E+01   2.909131E-05    4.397796E-05
    1.683399E-01    0.000000E+00     6    5.821454E-10    4.465947E+01   4.140782E-10    4.091852E-10
    1.668451E-01    0.000000E+00     1    1.047570E-04    1.619745E+02  -9.961545E-05    3.241596E-05
    1.668451E-01    0.000000E+00     2    2.409561E-09   -1.157624E+02  -1.047292E-09   -2.170060E-09
    1.668451E-01    0.000000E+00     3    7.376287E-05    8.612799E+01   4.981057E-06    7.359450E-05
    1.668451E-01    0.000000E+00     4    2.383581E-10   -4.737876E+01   1.614039E-10   -1.753949E-10
    1.668451E-01    0.000000E+00     5    5.294796E-05    6.773698E+01   2.005980E-05    4.900092E-05
    1.668451E-01    0.000000E+00     6    6.936237E-10   -4.008698E+01   5.306691E-10   -4.466588E-10
    1.653761E-01    0.000000E+00     1    9.998772E-05    1.217161E+02  -5.256464E-05    8.505588E-05
    1.653761E-01    0.000000E+00     2    4.375710E-09   -9.865127E+01  -6.581942E-10   -4.325924E-09
    1.653761E-01    0.000000E+00     3    1.101867E-04    3.360506E+01   9.177142E-05    6.098447E-05
    1.653761E-01    0.000000E+00     4    2.186065E-10   -6.847959E+01   8.019200E-11   -2.033668E-10
    1.653761E-01    0.000000E+00     5    5.781163E-05    8.389255E+01   6.150769E-06    5.748349E-05
    1.653761E-01    0.000000E+00     6    1.314835E-09   -7.964300E+01   2.363823E-10   -1.293412E-09
    1.639333E-01    0.000000E+00     1    7.138501E-05    7.866077E+01   1.403555E-05    6.999160E-05
    1.639333E-01    0.000000E+00     2    5.977943E-09   -1.022679E+02  -1.270209E-09   -5.841436E-09
    1.639333E-01    0.000000E+00     3    2.532927E-04   -5.127101E+00   2.522793E-04   -2.263561E-05
    1.639333E-01    0.000000E+00     4    2.680168E-10   -7.771630E+01   5.702123E-11   -2.618809E-10
    1.639333E-01    0.000000E+00     5    5.874850E-05    8.740395E+01   2.660960E-06    5.868820E-05
    1.639333E-01    0.000000E+00     6    1.292179E-09   -1.029787E+02  -2.902093E-10   -1.259168E-09
    1.625149E-01    0.000000E+00     1    3.330248E-04   -6.463356E+01   1.426698E-04   -3.009166E-04
    1.625149E-01    0.000000E+00     2    6.916323E-09   -1.040389E+02  -1.677765E-09   -6.709742E-09
    1.625149E-01    0.000000E+00     3    4.390226E-04   -4.715089E+00   4.375369E-04   -3.608809E-05
    1.625149E-01    0.000000E+00     4    2.821884E-10   -9.102061E+01  -5.026351E-12   -2.821437E-10
    1.625149E-01    0.000000E+00     5    3.855909E-05    1.034423E+02  -8.963646E-06    3.750275E-05
    1.625149E-01    0.000000E+00     6    1.094734E-09   -1.088210E+02  -3.531756E-10   -1.036199E-09
    1.611214E-01    0.000000E+00     1    5.712479E-04   -7.076424E+01   1.882011E-04   -5.393557E-04
    1.611214E-01    0.000000E+00     2    6.586233E-09   -1.058320E+02  -1.796842E-09   -6.336388E-09
    1.611214E-01    0.000000E+00     3    4.198256E-04   -3.286673E+00   4.191351E-04   -2.406937E-05
    1.611214E-01    0.000000E+00     4    2.762869E-10   -1.044075E+02  -6.874467E-11   -2.675979E-10
    1.611214E-01    0.000000E+00     5    3.176038E-05   -1.190427E+02  -1.541842E-05   -2.776677E-05
    1.611214E-01    0.000000E+00     6    7.740271E-10   -1.140218E+02  -3.150943E-10   -7.069891E-10
    1.597511E-01    0.000000E+00     1    4.942823E-04   -7.880939E+01   9.592716E-05   -4.848845E-04
    1.597511E-01    0.000000E+00     2    4.656210E-09   -1.085935E+02  -1.484640E-09   -4.413178E-09
    1.597511E-01    0.000000E+00     3    7.611753E-05    1.459697E+01   7.366064E-05    1.918300E-05
    1.597511E-01    0.000000E+00     4    2.463223E-10   -1.214863E+02  -1.286527E-10   -2.100551E-10
    1.597511E-01    0.000000E+00     5    1.523885E-04   -9.484228E+01  -1.286360E-05   -1.518446E-04
    1.597511E-01    0.000000E+00     6    4.030145E-10   -1.192572E+02  -1.969654E-10   -3.516039E-10
    1.584043E-01    0.000000E+00     1    1.902421E-04    1.730749E+02  -1.888542E-04    2.293785E-05
    1.584043E-01    0.000000E+00     2    8.702571E-10   -1.334379E+02  -5.983609E-10   -6.319112E-10
    1.584043E-01    0.000000E+00     3    7.291116E-04    1.721620E+02  -7.222998E-04    9.943147E-05
    1.584043E-01    0.000000E+00     4    2.059239E-10   -1.505240E+02  -1.792695E-10   -1.013267E-10
    1.584043E-01    0.000000E+00     5    3.494643E-04   -8.958346E+01   2.540597E-06   -3.494551E-04
    1.584043E-01    0.000000E+00     6    5.387571E-11   -1.115497E+02  -1.978902E-11   -5.010975E-11
    1.570796E-01    0.000000E+00     1    1.352634E-03    1.222029E+02  -7.208452E-04    1.144552E-03
    1.570796E-01    0.000000E+00     2    5.409743E-09    7.929583E+01   1.004796E-09    5.315609E-09
    1.570796E-01    0.000000E+00     3    2.103951E-03    1.739311E+02  -2.092160E-03    2.224385E-04
    1.570796E-01    0.000000E+00     4    2.252398E-10    1.627546E+02  -2.151139E-10    6.677571E-11
    1.570796E-01    0.000000E+00     5    6.362656E-04   -8.687967E+01   3.463394E-05   -6.353223E-04
    1.570796E-01    0.000000E+00     6    2.279997E-10    3.099960E+01   1.954347E-10    1.174272E-10
