    3.141593E+01    0.000000E+00     1    1.096464E-04   -8.853712E+01   2.799201E-06   -1.096107E-04
    3.141593E+01    0.000000E+00     2    1.206846E-10    1.703922E+02  -1.189918E-10    2.014254E-11
    3.141593E+01    0.000000E+00     3    7.493523E-02   -6.142040E-03   7.493523E-02   -8.032969E-06
    3.141593E+01    0.000000E+00     4    5.332378E-11    1.610354E+02  -5.042933E-11    1.732938E-11
    3.141593E+01    0.000000E+00     5    2.408491E-04   -8.855389E+01   6.078226E-06   -2.407724E-04
    3.141593E+01    0.000000E+00     6    4.140935E-11    1.765343E+02  -4.133362E-11    2.503233E-12
    1.175526E+01    0.000000E+00     1    2.612046E-04   -9.016048E+01  -7.316170E-07   -2.612036E-04
    1.175526E+01    0.000000E+00     2    2.948649E-10    1.794454E+02  -2.948511E-10    2.854275E-12
    1.175526E+01    0.000000E+00     3    7.472039E-02   -3.739680E-02   7.472037E-02   -4.876979E-05
    1.175526E+01    0.000000E+00     4    9.632302E-11    1.790834E+02  -9.631069E-11    1.540897E-12
    1.175526E+01    0.000000E+00     5    5.963370E-04   -9.015275E+01  -1.589862E-06   -5.963349E-04
    1.175526E+01    0.000000E+00     6    3.868372E-11   -1.767683E+02  -3.862220E-11   -2.180743E-12
    7.231195E+00    0.000000E+00     1    4.225471E-04   -9.030907E+01  -2.279349E-06   -4.225409E-04
    7.231195E+00    0.000000E+00     2    3.823425E-10   -1.786526E+02  -3.822368E-10   -8.990454E-12
    7.231195E+00    0.000000E+00     3    7.431020E-02   -8.691698E-02   7.431012E-02   -1.127276E-04
    7.231195E+00    0.000000E+00     4    1.390916E-10   -1.754710E+02  -1.386573E-10   -1.098308E-11
    7.231195E+00    0.000000E+00     5    9.668911E-04   -9.029328E+01  -4.949274E-06   -9.668784E-04
    7.231195E+00    0.000000E+00     6    3.929412E-11   -1.725665E+02  -3.896388E-11   -5.083676E-12
    5.221194E+00    0.000000E+00     1    5.932946E-04   -9.022571E+01  -2.337215E-06   -5.932900E-04
    5.221194E+00    0.000000E+00     2    3.961864E-10   -1.776931E+02  -3.958653E-10   -1.594749E-11
    5.221194E+00    0.000000E+00     3    7.370008E-02   -1.664156E-01   7.369977E-02   -2.140617E-04
    5.221194E+00    0.000000E+00     4    1.766965E-10   -1.733894E+02  -1.755217E-10   -2.034149E-11
    5.221194E+00    0.000000E+00     5    1.352806E-03   -9.021485E+01  -5.072727E-06   -1.352796E-03
    5.221194E+00    0.000000E+00     6    4.191744E-11   -1.711938E+02  -4.142331E-11   -6.417257E-12
    4.085827E+00    0.000000E+00     1    7.731194E-04   -9.010364E+01  -1.398435E-06   -7.731181E-04
    4.085827E+00    0.000000E+00     2    3.509447E-10   -1.769664E+02  -3.504529E-10   -1.857266E-11
    4.085827E+00    0.000000E+00     3    7.288558E-02   -2.884448E-01   7.288466E-02   -3.669272E-04
    4.085827E+00    0.000000E+00     4    2.066795E-10   -1.725961E+02  -2.049563E-10   -2.663328E-11
    4.085827E+00    0.000000E+00     5    1.754484E-03   -9.009905E+01  -3.032942E-06   -1.754481E-03
    4.085827E+00    0.000000E+00     6    4.551635E-11   -1.719256E+02  -4.506513E-11   -6.393173E-12
    3.355865E+00    0.000000E+00     1    9.616928E-04   -8.999739E+01   4.377243E-08   -9.616928E-04
    3.355865E+00    0.000000E+00     2    2.612974E-10   -1.761770E+02  -2.607160E-10   -1.742182E-11
    3.355865E+00    0.000000E+00     3    7.186246E-02   -4.668065E-01   7.186008E-02   -5.854794E-04
    3.355865E+00    0.000000E+00     4    2.269989E-10   -1.724165E+02  -2.250135E-10   -2.995738E-11
    3.355865E+00    0.000000E+00     5    2.172326E-03   -8.999743E+01   9.736509E-08   -2.172326E-03
    3.355865E+00    0.000000E+00     6    4.923184E-11   -1.739099E+02  -4.895399E-11   -5.223114E-12
    2.847322E+00    0.000000E+00     1    1.158682E-03   -8.992601E+01   1.496187E-06   -1.158681E-03
    2.847322E+00    0.000000E+00     2    1.419719E-10   -1.747256E+02  -1.413708E-10   -1.305080E-11
    2.847322E+00    0.000000E+00     3    7.062688E-02   -7.170576E-01   7.062135E-02   -8.838735E-04
    2.847322E+00    0.000000E+00     4    2.357160E-10   -1.725869E+02  -2.337458E-10   -3.041273E-11
    2.847322E+00    0.000000E+00     5    2.606727E-03   -8.992866E+01   3.245475E-06   -2.606725E-03
    2.847322E+00    0.000000E+00     6    5.224770E-11   -1.765779E+02  -5.215454E-11   -3.118768E-12
    2.472527E+00    0.000000E+00     1    1.363753E-03   -8.989641E+01   2.465591E-06   -1.363751E-03
    2.472527E+00    0.000000E+00     2    9.331302E-12   -1.398606E+02  -7.133574E-12   -6.015423E-12
    2.472527E+00    0.000000E+00     3    6.917555E-02   -1.057147E+00   6.916378E-02   -1.276265E-03
    2.472527E+00    0.000000E+00     4    2.309215E-10   -1.730110E+02  -2.292056E-10   -2.809828E-11
    2.472527E+00    0.000000E+00     5    3.058075E-03   -8.989998E+01   5.338670E-06   -3.058070E-03
    2.472527E+00    0.000000E+00     6    5.373221E-11   -1.796888E+02  -5.373142E-11   -2.918235E-13
    2.185000E+00    0.000000E+00     1    1.581294E-03   -8.986561E+01   3.709096E-06   -1.581290E-03
    2.185000E+00    0.000000E+00     2    2.137599E-10    4.639943E+00   2.130593E-10    1.729185E-11
    2.185000E+00    0.000000E+00     3    6.749592E-02   -1.530118E+00   6.747185E-02   -1.802305E-03
    2.185000E+00    0.000000E+00     4    1.649339E-10   -1.762462E+02  -1.645801E-10   -1.079813E-11
    2.185000E+00    0.000000E+00     5    3.534433E-03   -8.986925E+01   8.065873E-06   -3.534424E-03
    2.185000E+00    0.000000E+00     6    5.823736E-11    1.773491E+02  -5.817504E-11    2.693485E-12
    1.957318E+00    0.000000E+00     1    1.810909E-03   -8.985018E+01   4.735196E-06   -1.810903E-03
    1.957318E+00    0.000000E+00     2    3.682218E-10    1.617540E+00   3.680751E-10    1.039403E-11
    1.957318E+00    0.000000E+00     3    6.559278E-02   -2.159431E+00   6.554620E-02   -2.471553E-03
    1.957318E+00    0.000000E+00     4    9.410720E-11   -1.739602E+02  -9.358481E-11   -9.901954E-12
    1.957318E+00    0.000000E+00     5    4.035795E-03   -8.985209E+01   1.041857E-05   -4.035781E-03
    1.957318E+00    0.000000E+00     6    4.582740E-11    1.696056E+02  -4.507534E-11    8.268283E-12
    1.772658E+00    0.000000E+00     1    2.050482E-03   -8.987203E+01   4.579585E-06   -2.050477E-03
    1.772658E+00    0.000000E+00     2    3.333332E-10   -5.709520E+00   3.316796E-10   -3.316168E-11
    1.772658E+00    0.000000E+00     3    6.347270E-02   -2.975355E+00   6.338713E-02   -3.294640E-03
    1.772658E+00    0.000000E+00     4    4.742643E-11    1.322662E+02  -3.189790E-11    3.509687E-11
    1.772658E+00    0.000000E+00     5    4.559631E-03   -8.986987E+01   1.035570E-05   -4.559619E-03
    1.772658E+00    0.000000E+00     6    2.312147E-11    1.659766E+02  -2.243238E-11    5.602756E-12
    1.619795E+00    0.000000E+00     1    2.295557E-03   -8.996319E+01   1.474983E-06   -2.295556E-03
    1.619795E+00    0.000000E+00     2    2.601415E-10   -6.851640E-01   2.601229E-10   -3.110794E-12
    1.619795E+00    0.000000E+00     3    6.114798E-02   -4.004993E+00   6.099866E-02   -4.270783E-03
    1.619795E+00    0.000000E+00     4    4.854517E-11   -1.598772E+02  -4.558184E-11   -1.670117E-11
    1.619795E+00    0.000000E+00     5    5.099588E-03   -8.995286E+01   4.195876E-06   -5.099586E-03
    1.619795E+00    0.000000E+00     6    7.243457E-12    1.539109E+02  -6.505430E-12    3.185443E-12
    1.491239E+00    0.000000E+00     1    2.539186E-03   -9.016219E+01  -7.187981E-06   -2.539176E-03
    1.491239E+00    0.000000E+00     2    1.173015E-10    2.784401E+01   1.037206E-10    5.478754E-11
    1.491239E+00    0.000000E+00     3    5.863321E-02   -5.264522E+00   5.838587E-02   -5.379832E-03
    1.491239E+00    0.000000E+00     4    2.204653E-11   -1.624135E+02  -2.101612E-11   -6.661260E-12
    1.491239E+00    0.000000E+00     5    5.645426E-03   -9.013637E+01  -1.343694E-05   -5.645410E-03
    1.491239E+00    0.000000E+00     6    4.372648E-12   -1.695561E+01   4.182574E-12   -1.275199E-12
    1.381557E+00    0.000000E+00     1    2.772107E-03   -9.051302E+01  -2.482069E-05   -2.771996E-03
    1.381557E+00    0.000000E+00     2    1.281297E-10    1.218806E+02  -6.767191E-11    1.088014E-10
    1.381557E+00    0.000000E+00     3    5.594533E-02   -6.766213E+00   5.555568E-02   -6.591389E-03
    1.381557E+00    0.000000E+00     4    7.687502E-11   -1.296487E+02  -4.905234E-11   -5.919152E-11
    1.381557E+00    0.000000E+00     5    6.183438E-03   -9.046113E+01  -4.976476E-05   -6.183237E-03
    1.381557E+00    0.000000E+00     6    2.161739E-11    7.256033E+01   6.478761E-12    2.062370E-11
    1.286905E+00    0.000000E+00     1    2.983210E-03   -9.106193E+01  -5.528833E-05   -2.982698E-03
    1.286905E+00    0.000000E+00     2    1.879833E-10    1.595894E+02  -1.761812E-10    6.555840E-11
    1.286905E+00    0.000000E+00     3    5.309935E-02   -8.509900E+00   5.251474E-02   -7.857657E-03
    1.286905E+00    0.000000E+00     4    5.447912E-11   -1.006285E+02  -1.004813E-11   -5.354446E-11
    1.286905E+00    0.000000E+00     5    6.697323E-03   -9.097113E+01  -1.135108E-04   -6.696361E-03
    1.286905E+00    0.000000E+00     6    2.717042E-11    8.735083E+01   1.255823E-12    2.714138E-11
    1.204414E+00    0.000000E+00     1    3.160207E-03   -9.185943E+01  -1.025408E-04   -3.158543E-03
    1.204414E+00    0.000000E+00     2    1.439941E-10    1.145821E+02  -5.990118E-11    1.309433E-10
    1.204414E+00    0.000000E+00     3    5.010580E-02   -1.048629E+01   4.926896E-02   -9.119264E-03
    1.204414E+00    0.000000E+00     4    7.824529E-11    1.771455E+02  -7.814820E-11    3.896587E-12
    1.204414E+00    0.000000E+00     5    7.169649E-03   -9.170797E+01  -2.136939E-04   -7.166464E-03
    1.204414E+00    0.000000E+00     6    6.706049E-11    7.411783E+01   1.835177E-11    6.450056E-11
    1.131840E+00    0.000000E+00     1    3.290587E-03   -9.295998E+01  -1.699210E-04   -3.286197E-03
    1.131840E+00    0.000000E+00     2    2.898749E-10    1.336530E+02  -2.000975E-10    2.097343E-10
    1.131840E+00    0.000000E+00     3    4.696600E-02   -1.267628E+01   4.582123E-02   -1.030633E-02
    1.131840E+00    0.000000E+00     4    1.354773E-10   -1.652727E+02  -1.310264E-10   -3.444099E-11
    1.131840E+00    0.000000E+00     5    7.583326E-03   -9.271317E+01  -3.589651E-04   -7.574825E-03
    1.131840E+00    0.000000E+00     6    9.369622E-11    8.794771E+01   3.355414E-12    9.363611E-11
    1.067534E+00    0.000000E+00     1    3.362532E-03   -9.442382E+01  -2.593637E-04   -3.352514E-03
    1.067534E+00    0.000000E+00     2    3.012896E-10    1.333580E+02  -2.068519E-10    2.190609E-10
    1.067534E+00    0.000000E+00     3    4.367572E-02   -1.506095E+01   4.217546E-02   -1.134898E-02
    1.067534E+00    0.000000E+00     4    1.516100E-10   -1.652385E+02  -1.466061E-10   -3.862950E-11
    1.067534E+00    0.000000E+00     5    7.923126E-03   -9.402312E+01  -5.558780E-04   -7.903602E-03
    1.067534E+00    0.000000E+00     6    7.405012E-11    6.873700E+01   2.685424E-11    6.900920E-11
    1.010126E+00    0.000000E+00     1    3.366056E-03   -9.632488E+01  -3.708247E-04   -3.345568E-03
    1.010126E+00    0.000000E+00     2    1.535052E-10    9.102561E+01  -2.747626E-12    1.534806E-10
    1.010126E+00    0.000000E+00     3    4.022671E-02   -1.762834E+01   3.833770E-02   -1.218231E-02
    1.010126E+00    0.000000E+00     4    1.787455E-10   -1.609281E+02  -1.689341E-10   -5.840576E-11
    1.010126E+00    0.000000E+00     5    8.177177E-03   -9.567275E+01  -8.082854E-04   -8.137131E-03
    1.010126E+00    0.000000E+00     6    7.370255E-11    5.930483E+01   3.762297E-11    6.337648E-11
    9.585917E-01    0.000000E+00     1    3.293995E-03   -9.875927E+01  -5.016205E-04   -3.255577E-03
    9.585917E-01    0.000000E+00     2    2.647810E-10    9.827430E+01  -3.810523E-11    2.620247E-10
    9.585917E-01    0.000000E+00     3    3.661422E-02   -2.037992E+01   3.432232E-02   -1.275067E-02
    9.585917E-01    0.000000E+00     4    1.838959E-10   -1.678222E+02  -1.797578E-10   -3.879202E-11
    9.585917E-01    0.000000E+00     5    8.337987E-03   -9.768903E+01  -1.115593E-03   -8.263019E-03
    9.585917E-01    0.000000E+00     6    9.134155E-11    5.578469E+01   5.136176E-11    7.553310E-11
    9.120473E-01    0.000000E+00     1    3.143095E-03   -1.018629E+02  -6.461281E-04   -3.075966E-03
    9.120473E-01    0.000000E+00     2    2.278918E-10    9.569805E+01  -2.262643E-11    2.267657E-10
    9.120473E-01    0.000000E+00     3    3.284163E-02   -2.333871E+01   3.015449E-02   -1.301073E-02
    9.120473E-01    0.000000E+00     4    5.377709E-11   -1.511198E+02  -4.708890E-11   -2.597327E-11
    9.120473E-01    0.000000E+00     5    8.402708E-03   -1.000938E+02  -1.472666E-03   -8.272652E-03
    9.120473E-01    0.000000E+00     6    8.824370E-11    7.982475E+01   1.558909E-11    8.685580E-11
    8.698256E-01    0.000000E+00     1    2.915217E-03   -1.058382E+02  -7.956240E-04   -2.804545E-03
    8.698256E-01    0.000000E+00     2    2.658397E-10    7.741185E+01   5.793747E-11    2.594495E-10
    8.698256E-01    0.000000E+00     3    2.892454E-02   -2.655961E+01   2.587212E-02   -1.293299E-02
    8.698256E-01    0.000000E+00     4    1.325814E-10    1.153106E+02  -5.668195E-11    1.198540E-10
    8.698256E-01    0.000000E+00     5    8.373697E-03   -1.029024E+02  -1.869767E-03   -8.162277E-03
    8.698256E-01    0.000000E+00     6    9.265238E-11    7.526013E+01   2.357363E-11    8.960328E-11
    8.313291E-01    0.000000E+00     1    2.618746E-03   -1.109897E+02  -9.380347E-04   -2.444978E-03
    8.313291E-01    0.000000E+00     2    2.926567E-10    4.833100E+01   1.945659E-10    2.186140E-10
    8.313291E-01    0.000000E+00     3    2.489335E-02   -3.015027E+01   2.152555E-02   -1.250317E-02
    8.313291E-01    0.000000E+00     4    2.383722E-10    7.743126E+01   5.187233E-11    2.326597E-10
    8.313291E-01    0.000000E+00     5    8.259244E-03   -1.061198E+02  -2.293156E-03   -7.934516E-03
    8.313291E-01    0.000000E+00     6    9.497487E-11    6.990962E+01   3.262406E-11    8.919583E-11
    7.961058E-01    0.000000E+00     1    2.268630E-03   -1.177482E+02  -1.056246E-03   -2.007742E-03
    7.961058E-01    0.000000E+00     2    2.060616E-10    4.181253E+01   1.535839E-10    1.373803E-10
    7.961058E-01    0.000000E+00     3    2.080428E-02   -3.432817E+01   1.718062E-02   -1.173220E-02
    7.961058E-01    0.000000E+00     4    2.813932E-10    6.662314E+01   1.116504E-10    2.582950E-10
    7.961058E-01    0.000000E+00     5    8.075857E-03   -1.097085E+02  -2.723457E-03   -7.602779E-03
    7.961058E-01    0.000000E+00     6    4.776707E-11    1.002431E+02  -8.494213E-12    4.700576E-11
    7.637367E-01    0.000000E+00     1    1.880670E-03   -1.267695E+02  -1.125764E-03   -1.506511E-03
    7.637367E-01    0.000000E+00     2    3.749277E-10   -4.138906E+00   3.739498E-10   -2.706030E-11
    7.637367E-01    0.000000E+00     3    1.674529E-02   -3.948194E+01   1.292444E-02   -1.064724E-02
    7.637367E-01    0.000000E+00     4    3.212007E-10    6.956687E+01   1.121357E-10    3.009909E-10
    7.637367E-01    0.000000E+00     5    7.840929E-03   -1.134859E+02  -3.124788E-03   -7.191374E-03
    7.637367E-01    0.000000E+00     6    1.360734E-11   -1.488907E+02  -1.165038E-11   -7.030529E-12
    7.339055E-01    0.000000E+00     1    1.469771E-03   -1.397202E+02  -1.121282E-03   -9.502379E-04
    7.339055E-01    0.000000E+00     2    2.970195E-10   -8.811827E+00   2.935137E-10   -4.550037E-11
    7.339055E-01    0.000000E+00     3    1.283699E-02   -4.633773E+01   8.862737E-03   -9.286561E-03
    7.339055E-01    0.000000E+00     4    3.146177E-10    8.091917E+01   4.965537E-11    3.106745E-10
    7.339055E-01    0.000000E+00     5    7.543725E-03   -1.171150E+02  -3.438268E-03   -6.714618E-03
    7.339055E-01    0.000000E+00     6    2.917337E-11   -1.268703E+02  -1.750417E-11   -2.333858E-11
    7.063092E-01    0.000000E+00     1    1.088131E-03   -1.613617E+02  -1.031064E-03   -3.477586E-04
    7.063092E-01    0.000000E+00     2    3.146481E-10    1.885187E+01   2.977695E-10    1.016699E-10
    7.063092E-01    0.000000E+00     3    9.230325E-03   -5.639793E+01   5.108261E-03   -7.687949E-03
    7.063092E-01    0.000000E+00     4    3.350207E-10    9.696169E+01  -4.060641E-11    3.325507E-10
    7.063092E-01    0.000000E+00     5    7.138921E-03   -1.203763E+02  -3.609984E-03   -6.158913E-03
    7.063092E-01    0.000000E+00     6    8.199831E-11    1.458884E+02  -6.789027E-11    4.598515E-11
    6.807130E-01    0.000000E+00     1    9.011899E-04    1.619544E+02  -8.568607E-04    2.791647E-04
    6.807130E-01    0.000000E+00     2    2.577503E-10    1.098395E+01   2.530285E-10    4.911019E-11
    6.807130E-01    0.000000E+00     3    6.146779E-03   -7.337329E+01   1.758809E-03   -5.889778E-03
    6.807130E-01    0.000000E+00     4    2.722081E-10    1.089907E+02  -8.858032E-11    2.573923E-10
    6.807130E-01    0.000000E+00     5    6.586803E-03   -1.233109E+02  -3.617352E-03   -5.504610E-03
    6.807130E-01    0.000000E+00     6    9.628908E-11    1.571113E+02  -8.870750E-11    3.745085E-11
    6.569140E-01    0.000000E+00     1    1.080991E-03    1.240772E+02  -6.056898E-04    8.953665E-04
    6.569140E-01    0.000000E+00     2    2.154465E-10    2.545056E+01   1.945388E-10    9.258426E-11
    6.569140E-01    0.000000E+00     3    4.106629E-03   -1.060544E+02  -1.135689E-03   -3.946468E-03
    6.569140E-01    0.000000E+00     4    3.135166E-10    1.170467E+02  -1.425610E-10    2.792294E-10
    6.569140E-01    0.000000E+00     5    5.876612E-03   -1.260952E+02  -3.462080E-03   -4.748533E-03
    6.569140E-01    0.000000E+00     6    1.371709E-10    1.432137E+02  -1.098567E-10    8.214235E-11
    6.347165E-01    0.000000E+00     1    1.487848E-03    1.011428E+02  -2.875352E-04    1.459800E-03
    6.347165E-01    0.000000E+00     2    4.498714E-10   -1.996562E+01   4.228331E-10   -1.536114E-10
    6.347165E-01    0.000000E+00     3    4.067999E-03   -1.508611E+02  -3.553161E-03   -1.980823E-03
    6.347165E-01    0.000000E+00     4    3.538361E-10    1.267722E+02  -2.118185E-10    2.834307E-10
    6.347165E-01    0.000000E+00     5    5.023094E-03   -1.289430E+02  -3.157249E-03   -3.906820E-03
    6.347165E-01    0.000000E+00     6    9.700996E-11    1.269634E+02  -5.833260E-11    7.751284E-11
    6.139761E-01    0.000000E+00     1    1.935351E-03    8.757889E+01   8.175645E-05    1.933623E-03
    6.139761E-01    0.000000E+00     2    5.126237E-10   -3.329640E+01   4.284724E-10   -2.814152E-10
    6.139761E-01    0.000000E+00     3    5.438135E-03   -1.783534E+02  -5.435889E-03   -1.562664E-04
    6.139761E-01    0.000000E+00     4    3.182779E-10    1.362054E+02  -2.297410E-10    2.202724E-10
    6.139761E-01    0.000000E+00     5    4.057375E-03   -1.321215E+02  -2.721304E-03   -3.009451E-03
    6.139761E-01    0.000000E+00     6    3.019141E-11    1.431038E+02  -2.414482E-11    1.812591E-11
    5.945426E-01    0.000000E+00     1    2.334256E-03    7.831964E+01   4.725737E-04    2.285919E-03
    5.945426E-01    0.000000E+00     2    5.808990E-10   -8.689964E+00   5.742305E-10   -8.776668E-11
    5.945426E-01    0.000000E+00     3    6.849710E-03    1.682011E+02  -6.704984E-03    1.400613E-03
    5.945426E-01    0.000000E+00     4    3.600047E-10    1.357303E+02  -2.577857E-10    2.512965E-10
    5.945426E-01    0.000000E+00     5    3.018610E-03   -1.361207E+02  -2.175819E-03   -2.092324E-03
    5.945426E-01    0.000000E+00     6    8.452102E-11   -4.504041E+00   8.426001E-11   -6.637386E-12
    5.763068E-01    0.000000E+00     1    2.621749E-03    7.150094E+01   8.318525E-04    2.486280E-03
    5.763068E-01    0.000000E+00     2    6.686735E-10   -1.920346E+01   6.314662E-10   -2.199425E-10
    5.763068E-01    0.000000E+00     3    7.772580E-03    1.603601E+02  -7.320401E-03    2.612417E-03
    5.763068E-01    0.000000E+00     4    2.777091E-10    1.508169E+02  -2.424584E-10    1.354113E-10
    5.763068E-01    0.000000E+00     5    1.952738E-03   -1.425607E+02  -1.550470E-03   -1.187110E-03
    5.763068E-01    0.000000E+00     6    1.176436E-10   -1.254431E+01   1.148353E-10   -2.555157E-11
    5.591515E-01    0.000000E+00     1    2.724928E-03    6.614801E+01   1.101894E-03    2.492201E-03
    5.591515E-01    0.000000E+00     2    5.749068E-10    4.618337E+00   5.730401E-10    4.629030E-11
    5.591515E-01    0.000000E+00     3    8.066787E-03    1.547692E+02  -7.297198E-03    3.438598E-03
    5.591515E-01    0.000000E+00     4    2.065400E-10    1.484963E+02  -1.760972E-10    1.079283E-10
    5.591515E-01    0.000000E+00     5    9.519092E-04   -1.599405E+02  -8.941634E-04   -3.265010E-04
    5.591515E-01    0.000000E+00     6    9.511922E-11   -2.561478E+01   8.577100E-11   -4.112178E-11
    5.429927E-01    0.000000E+00     1    2.580672E-03    6.104291E+01   1.249444E-03    2.258043E-03
    5.429927E-01    0.000000E+00     2    6.006075E-10    9.855855E+00   5.917435E-10    1.028060E-10
    5.429927E-01    0.000000E+00     3    7.738600E-03    1.501299E+02  -6.710578E-03    3.854098E-03
    5.429927E-01    0.000000E+00     4    1.288528E-10    1.288610E+02  -8.084653E-11    1.003339E-10
    5.429927E-01    0.000000E+00     5    5.234401E-04    1.210982E+02  -2.703600E-04    4.482131E-04
    5.429927E-01    0.000000E+00     6    5.701888E-11   -1.374901E+01   5.538507E-11   -1.355162E-11
    5.277371E-01    0.000000E+00     1    2.180497E-03    5.452625E+01   1.265408E-03    1.775756E-03
    5.277371E-01    0.000000E+00     2    9.588699E-10   -5.784129E+00   9.539880E-10   -9.663559E-11
    5.277371E-01    0.000000E+00     3    6.851270E-03    1.459868E+02  -5.679075E-03    3.832494E-03
    5.277371E-01    0.000000E+00     4    1.459278E-10    1.325132E+02  -9.861211E-11    1.075666E-10
    5.277371E-01    0.000000E+00     5    1.118193E-03    7.626662E+01   2.654637E-04    1.086225E-03
    5.277371E-01    0.000000E+00     6    9.780333E-11    3.738619E-01   9.780125E-11    6.381741E-13
    5.133196E-01    0.000000E+00     1    1.587049E-03    4.311525E+01   1.158515E-03    1.084697E-03
    5.133196E-01    0.000000E+00     2    9.532504E-10   -9.157951E-02   9.532492E-10   -1.523640E-12
    5.133196E-01    0.000000E+00     3    5.513638E-03    1.416456E+02  -4.323728E-03    3.421342E-03
    5.133196E-01    0.000000E+00     4    9.120932E-11    1.031628E+02  -2.077003E-11    8.881298E-11
    5.133196E-01    0.000000E+00     5    1.671482E-03    6.637717E+01   6.697867E-04    1.531417E-03
    5.133196E-01    0.000000E+00     6    1.755983E-10   -1.470330E-01   1.755977E-10   -4.506214E-13
    4.996648E-01    0.000000E+00     1    9.704848E-04    1.515723E+01   9.367235E-04    2.537514E-04
    4.996648E-01    0.000000E+00     2    1.038030E-09    1.388467E+01   1.007699E-09    2.490942E-10
    4.996648E-01    0.000000E+00     3    3.859770E-03    1.360552E+02  -2.779067E-03    2.678547E-03
    4.996648E-01    0.000000E+00     4    4.640154E-11    8.465708E+01   4.320746E-12    4.619993E-11
    4.996648E-01    0.000000E+00     5    1.978749E-03    6.208327E+01   9.264261E-04    1.748479E-03
    4.996648E-01    0.000000E+00     6    1.937026E-10   -1.472448E+01   1.873413E-10   -4.923364E-11
    4.867215E-01    0.000000E+00     1    8.795416E-04   -4.509257E+01   6.209242E-04   -6.229339E-04
    4.867215E-01    0.000000E+00     2    1.071540E-09    5.787373E+00   1.066078E-09    1.080509E-10
    4.867215E-01    0.000000E+00     3    2.087700E-03    1.247011E+02  -1.188518E-03    1.716367E-03
    4.867215E-01    0.000000E+00     4    3.654720E-11   -1.519797E+02  -3.226319E-11   -1.716928E-11
    4.867215E-01    0.000000E+00     5    2.020992E-03    5.885077E+01   1.045396E-03    1.729611E-03
    4.867215E-01    0.000000E+00     6    2.368644E-10   -1.251540E+01   2.312360E-10   -5.132901E-11
    4.744282E-01    0.000000E+00     1    1.450795E-03   -8.028845E+01   2.447318E-04   -1.430004E-03
    4.744282E-01    0.000000E+00     2    9.262226E-10    2.598707E+00   9.252701E-10    4.199534E-11
    4.744282E-01    0.000000E+00     3    7.371034E-04    6.662412E+01   2.924543E-04    6.766033E-04
    4.744282E-01    0.000000E+00     4    9.383532E-11   -1.251727E+02  -5.405322E-11   -7.670278E-11
    4.744282E-01    0.000000E+00     5    1.839902E-03    5.516079E+01   1.051091E-03    1.510115E-03
    4.744282E-01    0.000000E+00     6    2.261551E-10   -2.599606E+00   2.259224E-10   -1.025752E-11
    4.627407E-01    0.000000E+00     1    2.049412E-03   -9.431950E+01  -1.543578E-04   -2.043591E-03
    4.627407E-01    0.000000E+00     2    5.559975E-10   -2.775592E+00   5.553452E-10   -2.692377E-11
    4.627407E-01    0.000000E+00     3    1.542364E-03   -1.103289E+01   1.513857E-03   -2.951659E-04
    4.627407E-01    0.000000E+00     4    2.018107E-10   -1.124440E+02  -7.704751E-11   -1.865241E-10
    4.627407E-01    0.000000E+00     5    1.499691E-03    5.040750E+01   9.557878E-04    1.155657E-03
    4.627407E-01    0.000000E+00     6    1.858501E-10    1.185866E+01   1.818836E-10    3.819182E-11
    4.516183E-01    0.000000E+00     1    2.418469E-03   -1.029896E+02  -5.436086E-04   -2.356583E-03
    4.516183E-01    0.000000E+00     2    5.583030E-10   -6.755174E+01   2.131874E-10   -5.159974E-10
    4.516183E-01    0.000000E+00     3    2.579468E-03   -2.454639E+01   2.346349E-03   -1.071588E-03
    4.516183E-01    0.000000E+00     4    2.540598E-10   -9.940706E+01  -4.152545E-11   -2.506432E-10
    4.516183E-01    0.000000E+00     5    1.056705E-03    4.355052E+01   7.658650E-04    7.280631E-04
    4.516183E-01    0.000000E+00     6    1.612498E-10   -2.699135E+00   1.610709E-10   -7.593474E-12
    4.410150E-01    0.000000E+00     1    2.474045E-03   -1.111318E+02  -8.919305E-04   -2.307674E-03
    4.410150E-01    0.000000E+00     2    6.332766E-10   -8.618535E+01   4.213130E-11   -6.318736E-10
    4.410150E-01    0.000000E+00     3    3.127820E-03   -3.027427E+01   2.701254E-03   -1.576859E-03
    4.410150E-01    0.000000E+00     4    2.155200E-10   -1.009765E+02  -4.103652E-11   -2.115771E-10
    4.410150E-01    0.000000E+00     5    5.766853E-04    2.921513E+01   5.033270E-04    2.814744E-04
    4.410150E-01    0.000000E+00     6    1.884552E-10    8.143824E+00   1.865547E-10    2.669626E-11
    4.309012E-01    0.000000E+00     1    2.220102E-03   -1.215128E+02  -1.160423E-03   -1.892689E-03
    4.309012E-01    0.000000E+00     2    1.023515E-09   -9.859927E+01  -1.530388E-10   -1.012008E-09
    4.309012E-01    0.000000E+00     3    3.146900E-03   -3.497586E+01   2.578550E-03   -1.803901E-03
    4.309012E-01    0.000000E+00     4    1.834201E-10   -9.294856E+01  -9.435009E-12   -1.831772E-10
    4.309012E-01    0.000000E+00     5    2.438187E-04   -3.279803E+01   2.049504E-04   -1.320715E-04
    4.309012E-01    0.000000E+00     6    2.167522E-10   -2.506944E+00   2.165447E-10   -9.480842E-12
    4.212380E-01    0.000000E+00     1    1.748253E-03   -1.384365E+02  -1.308078E-03   -1.159879E-03
    4.212380E-01    0.000000E+00     2    1.279653E-09   -1.174977E+02  -5.908318E-10   -1.135090E-09
    4.212380E-01    0.000000E+00     3    2.730261E-03   -4.026245E+01   2.083441E-03   -1.764540E-03
    4.212380E-01    0.000000E+00     4    1.126817E-10   -1.120207E+02  -4.224908E-11   -1.044614E-10
    4.212380E-01    0.000000E+00     5    4.737680E-04   -1.003800E+02  -8.536118E-05   -4.660146E-04
    4.212380E-01    0.000000E+00     6    2.274415E-10   -2.336740E+01   2.087869E-10   -9.020914E-11
    4.120013E-01    0.000000E+00     1    1.326292E-03   -1.709552E+02  -1.309800E-03   -2.085015E-04
    4.120013E-01    0.000000E+00     2    1.164490E-09   -1.290283E+02  -7.332844E-10   -9.046167E-10
    4.120013E-01    0.000000E+00     3    2.000444E-03   -4.711249E+01   1.361424E-03   -1.465708E-03
    4.120013E-01    0.000000E+00     4    1.101849E-10   -1.270293E+02  -6.635590E-11   -8.796363E-11
    4.120013E-01    0.000000E+00     5    7.562779E-04   -1.153657E+02  -3.239850E-04   -6.833666E-04
    4.120013E-01    0.000000E+00     6    1.943190E-10   -1.621444E+01   1.865896E-10   -5.426031E-11
    4.031585E-01    0.000000E+00     1    1.416534E-03    1.452490E+02  -1.163877E-03    8.074405E-04
    4.031585E-01    0.000000E+00     2    1.324435E-09   -1.336061E+02  -9.134591E-10   -9.590212E-10
    4.031585E-01    0.000000E+00     3    1.094944E-03   -5.955881E+01   5.547573E-04   -9.440056E-04
    4.031585E-01    0.000000E+00     4    1.376700E-10   -1.070198E+02  -4.029628E-11   -1.316406E-10
    4.031585E-01    0.000000E+00     5    8.982594E-04   -1.221755E+02  -4.783359E-04   -7.603057E-04
    4.031585E-01    0.000000E+00     6    1.039007E-10   -5.279456E+01   6.282614E-11   -8.275406E-11
    3.946898E-01    0.000000E+00     1    1.908726E-03    1.171787E+02  -8.718439E-04    1.697976E-03
    3.946898E-01    0.000000E+00     2    9.224104E-10   -1.412531E+02  -7.194051E-10   -5.773190E-10
    3.946898E-01    0.000000E+00     3    3.412920E-04   -1.268117E+02  -2.044977E-04   -2.732415E-04
    3.946898E-01    0.000000E+00     4    8.783688E-11   -9.592928E+01  -9.073623E-12   -8.736697E-11
    3.946898E-01    0.000000E+00     5    8.802957E-04   -1.275753E+02  -5.368073E-04   -6.976807E-04
    3.946898E-01    0.000000E+00     6    6.458061E-11   -6.729883E+01   2.492326E-11   -5.957757E-11
    3.865672E-01    0.000000E+00     1    2.334832E-03    1.007717E+02  -4.363709E-04    2.293692E-03
    3.865672E-01    0.000000E+00     2    6.121154E-10   -1.356846E+02  -4.379718E-10   -4.276283E-10
    3.865672E-01    0.000000E+00     3    9.332624E-04    1.508455E+02  -8.150264E-04    4.546545E-04
    3.865672E-01    0.000000E+00     4    5.369705E-11   -9.478035E+01  -4.474899E-12   -5.351026E-11
    3.865672E-01    0.000000E+00     5    7.252377E-04   -1.338425E+02  -5.023565E-04   -5.230752E-04
    3.865672E-01    0.000000E+00     6    7.489347E-11    8.432101E+01   7.411071E-12    7.452589E-11
    3.787744E-01    0.000000E+00     1    2.500366E-03    8.752706E+01   1.078849E-04    2.498038E-03
    3.787744E-01    0.000000E+00     2    3.270557E-10   -1.139374E+02  -1.326990E-10   -2.989254E-10
    3.787744E-01    0.000000E+00     3    1.335725E-03    1.435441E+02  -1.074343E-03    7.936939E-04
    3.787744E-01    0.000000E+00     4    5.870122E-11   -1.114195E+02  -2.143735E-11   -5.464680E-11
    3.787744E-01    0.000000E+00     5    4.840476E-04   -1.442240E+02  -3.927120E-04   -2.829829E-04
    3.787744E-01    0.000000E+00     6    1.394051E-10    1.002825E+02  -2.488412E-11    1.371661E-10
    3.712874E-01    0.000000E+00     1    2.403340E-03    7.356471E+01   6.799824E-04    2.305140E-03
    3.712874E-01    0.000000E+00     2    3.352673E-10    1.108161E+02  -1.191440E-10    3.133830E-10
    3.712874E-01    0.000000E+00     3    1.676570E-03    1.416387E+02  -1.314620E-03    1.040511E-03
    3.712874E-01    0.000000E+00     4    4.180466E-11   -1.096218E+02  -1.403840E-11   -3.937706E-11
    3.712874E-01    0.000000E+00     5    1.600568E-04   -1.574888E+02  -1.478612E-04   -6.127996E-05
    3.712874E-01    0.000000E+00     6    1.381685E-10    5.952107E+01   7.008204E-11    1.190758E-10
    3.640928E-01    0.000000E+00     1    2.072906E-03    5.608783E+01   1.156519E-03    1.720292E-03
    3.640928E-01    0.000000E+00     2    6.584653E-10    7.618875E+01   1.571915E-10    6.394273E-10
    3.640928E-01    0.000000E+00     3    1.580065E-03    1.358884E+02  -1.134463E-03    1.099817E-03
    3.640928E-01    0.000000E+00     4    3.119348E-11   -1.249362E+02  -1.786339E-11   -2.557210E-11
    3.640928E-01    0.000000E+00     5    2.040672E-04    5.943293E+01   1.037777E-04    1.757089E-04
    3.640928E-01    0.000000E+00     6    1.356282E-10    5.292754E+01   8.176002E-11    1.082142E-10
    3.571696E-01    0.000000E+00     1    1.713366E-03    2.873865E+01   1.502317E-03    8.238120E-04
    3.571696E-01    0.000000E+00     2    7.397124E-10    7.724927E+01   1.632619E-10    7.214707E-10
    3.571696E-01    0.000000E+00     3    1.353678E-03    1.217422E+02  -7.121682E-04    1.151200E-03
    3.571696E-01    0.000000E+00     4    5.500402E-11   -1.254610E+02  -3.191050E-11   -4.480136E-11
    3.571696E-01    0.000000E+00     5    4.404312E-04    5.030441E+01   2.813072E-04    3.388892E-04
    3.571696E-01    0.000000E+00     6    1.143310E-10    4.561537E+01   7.997128E-11    8.170783E-11
    3.505049E-01    0.000000E+00     1    1.600666E-03   -5.583978E+00   1.593070E-03   -1.557522E-04
    3.505049E-01    0.000000E+00     2    5.650301E-10    6.523442E+01   2.366949E-10    5.130639E-10
    3.505049E-01    0.000000E+00     3    1.024640E-03    9.955034E+01  -1.700022E-04    1.010438E-03
    3.505049E-01    0.000000E+00     4    3.460936E-11   -8.506568E+01   2.976880E-12   -3.448110E-11
    3.505049E-01    0.000000E+00     5    6.101545E-04    4.169513E+01   4.555991E-04    4.058546E-04
    3.505049E-01    0.000000E+00     6    8.904373E-11    9.842910E+00   8.773302E-11    1.522180E-11
    3.440862E-01    0.000000E+00     1    1.784467E-03   -3.754110E+01   1.414933E-03   -1.087330E-03
    3.440862E-01    0.000000E+00     2    4.968290E-10    5.660238E+01   2.734776E-10    4.147879E-10
    3.440862E-01    0.000000E+00     3    8.502769E-04    6.507200E+01   3.583739E-04    7.710635E-04
    3.440862E-01    0.000000E+00     4    2.731568E-11   -1.755663E+01   2.604329E-11   -8.239727E-12
    3.440862E-01    0.000000E+00     5    6.941222E-04    3.609632E+01   5.608700E-04    4.089383E-04
    3.440862E-01    0.000000E+00     6    3.801244E-11   -3.510598E+01   3.109758E-11   -2.186059E-11
    3.378965E-01    0.000000E+00     1    2.000870E-03   -5.798306E+01   1.060801E-03   -1.696520E-03
    3.378965E-01    0.000000E+00     2    2.968991E-10   -8.543522E+00   2.936045E-10   -4.410751E-11
    3.378965E-01    0.000000E+00     3    8.970730E-04    2.992438E+01   7.774793E-04    4.475108E-04
    3.378965E-01    0.000000E+00     4    2.688459E-11    1.649197E+01   2.577855E-11    7.632022E-12
    3.378965E-01    0.000000E+00     5    6.359889E-04    2.772299E+01   5.629818E-04    2.958603E-04
    3.378965E-01    0.000000E+00     6    7.709664E-11    4.694171E+01   5.263711E-11    5.633140E-11
    3.319273E-01    0.000000E+00     1    1.965302E-03   -7.504851E+01   5.070502E-04   -1.898766E-03
    3.319273E-01    0.000000E+00     2    9.189409E-10   -2.511211E+01   8.320818E-10   -3.899901E-10
    3.319273E-01    0.000000E+00     3    1.054285E-03    1.115845E+01   1.034355E-03    2.040284E-04
    3.319273E-01    0.000000E+00     4    9.096909E-11    5.240181E+01   5.550207E-11    7.207562E-11
    3.319273E-01    0.000000E+00     5    5.249200E-04    1.482063E+01   5.074567E-04    1.342713E-04
    3.319273E-01    0.000000E+00     6    1.261542E-11    5.014112E+01   8.085208E-12    9.683914E-12
    3.261637E-01    0.000000E+00     1    1.674978E-03   -9.347348E+01  -1.014811E-04   -1.671901E-03
    3.261637E-01    0.000000E+00     2    1.118215E-09   -3.636545E+01   9.004441E-10   -6.630268E-10
    3.261637E-01    0.000000E+00     3    1.024633E-03    1.107349E+00   1.024442E-03    1.980174E-05
    3.261637E-01    0.000000E+00     4    1.015293E-10    8.399386E+01   1.062352E-11    1.009720E-10
    3.261637E-01    0.000000E+00     5    3.938582E-04   -5.428324E+00   3.920918E-04   -3.725916E-05
    3.261637E-01    0.000000E+00     6    4.942395E-11   -1.465191E+02  -4.122301E-11   -2.726519E-11
    3.205985E-01    0.000000E+00     1    1.256613E-03   -1.212347E+02  -6.516097E-04   -1.074468E-03
    3.205985E-01    0.000000E+00     2    1.337120E-09   -4.467799E+01   9.507855E-10   -9.401582E-10
    3.205985E-01    0.000000E+00     3    8.426030E-04   -3.694919E+00   8.408515E-04   -5.430055E-05
    3.205985E-01    0.000000E+00     4    1.592043E-10    9.154088E+01  -4.281040E-12    1.591467E-10
    3.205985E-01    0.000000E+00     5    3.129950E-04   -3.687461E+01   2.503805E-04   -1.878176E-04
    3.205985E-01    0.000000E+00     6    1.153408E-10   -1.276365E+02  -7.043292E-11   -9.133843E-11
    3.152184E-01    0.000000E+00     1    1.074206E-03   -1.645477E+02  -1.035377E-03   -2.862065E-04
    3.152184E-01    0.000000E+00     2    1.652829E-09   -5.570468E+00   1.645023E-09   -1.604399E-10
    3.152184E-01    0.000000E+00     3    5.521774E-04    8.848770E-01   5.521115E-04    8.527498E-06
    3.152184E-01    0.000000E+00     4    1.935461E-10    1.038841E+02  -4.644318E-11    1.878912E-10
    3.152184E-01    0.000000E+00     5    3.093140E-04   -6.738427E+01   1.189463E-04   -2.855292E-04
    3.152184E-01    0.000000E+00     6    2.129176E-10   -1.282276E+02  -1.317505E-10   -1.672594E-10
    3.100174E-01    0.000000E+00     1    1.243348E-03    1.579542E+02  -1.152440E-03    4.666872E-04
    3.100174E-01    0.000000E+00     2    1.770073E-09   -3.445700E+00   1.766873E-09   -1.063859E-10
    3.100174E-01    0.000000E+00     3    2.855913E-04    3.728440E+01   2.272274E-04    1.730032E-04
    3.100174E-01    0.000000E+00     4    2.079579E-10    1.027149E+02  -4.577163E-11    2.028582E-10
    3.100174E-01    0.000000E+00     5    3.105936E-04   -8.538031E+01   2.501565E-05   -3.095845E-04
    3.100174E-01    0.000000E+00     6    2.787126E-10   -1.567385E+02  -2.560566E-10   -1.100715E-10
    3.049838E-01    0.000000E+00     1    1.389430E-03    1.339781E+02  -9.647967E-04    9.998419E-04
    3.049838E-01    0.000000E+00     2    1.263321E-09    7.898655E+00   1.251336E-09    1.736073E-10
    3.049838E-01    0.000000E+00     3    3.440339E-04    9.913660E+01  -5.462873E-05    3.396690E-04
    3.049838E-01    0.000000E+00     4    2.082851E-10    1.211256E+02  -1.076658E-10    1.782996E-10
    3.049838E-01    0.000000E+00     5    2.621803E-04   -9.394953E+01  -1.805837E-05   -2.615576E-04
    3.049838E-01    0.000000E+00     6    1.316922E-10   -1.609128E+02  -1.244520E-10   -4.306414E-11
    3.001125E-01    0.000000E+00     1    1.312591E-03    1.137971E+02  -5.296295E-04    1.200995E-03
    3.001125E-01    0.000000E+00     2    1.341250E-09    1.229147E+01   1.310505E-09    2.855321E-10
    3.001125E-01    0.000000E+00     3    4.455992E-04    1.180600E+02  -2.096080E-04    3.932215E-04
    3.001125E-01    0.000000E+00     4    2.090855E-10    1.369203E+02  -1.527168E-10    1.428087E-10
    3.001125E-01    0.000000E+00     5    1.608784E-04   -9.313548E+01  -8.799591E-06   -1.606376E-04
    3.001125E-01    0.000000E+00     6    2.149675E-10    1.474532E+02  -1.812074E-10    1.156500E-10
    2.953930E-01    0.000000E+00     1    1.060246E-03    8.993698E+01   1.166105E-06    1.060246E-03
    2.953930E-01    0.000000E+00     2    1.801373E-09    3.319320E+01   1.507442E-09    9.861869E-10
    2.953930E-01    0.000000E+00     3    2.649995E-04    1.393680E+02  -2.011102E-04    1.725671E-04
    2.953930E-01    0.000000E+00     4    2.126932E-10    1.400954E+02  -1.631598E-10    1.364450E-10
    2.953930E-01    0.000000E+00     5    6.268270E-05   -4.559925E+01   4.385737E-05   -4.478450E-05
    2.953930E-01    0.000000E+00     6    3.327224E-10    1.514791E+02  -2.923441E-10    1.588682E-10
    2.908209E-01    0.000000E+00     1    7.699045E-04    5.331843E+01   4.599157E-04    6.174386E-04
    2.908209E-01    0.000000E+00     2    1.770606E-09    4.959837E+01   1.147603E-09    1.348352E-09
    2.908209E-01    0.000000E+00     3    2.896457E-04    1.625335E+02  -2.762909E-04    8.693644E-05
    2.908209E-01    0.000000E+00     4    1.668085E-10    1.399903E+02  -1.277646E-10    1.072440E-10
    2.908209E-01    0.000000E+00     5    1.648826E-04    2.061803E+01   1.543217E-04    5.806113E-05
    2.908209E-01    0.000000E+00     6    3.148348E-10    1.488579E+02  -2.694631E-10    1.628208E-10
    2.863869E-01    0.000000E+00     1    6.981222E-04   -3.715080E-02   6.981220E-04   -4.526650E-07
    2.863869E-01    0.000000E+00     2    2.088864E-09    6.139310E+01   1.000143E-09    1.833867E-09
    2.863869E-01    0.000000E+00     3    4.147205E-05   -1.161420E+02  -1.827248E-05   -3.722966E-05
    2.863869E-01    0.000000E+00     4    1.398297E-10    1.399375E+02  -1.070176E-10    8.999760E-11
    2.863869E-01    0.000000E+00     5    2.406525E-04    4.289279E+01   1.763089E-04    1.637950E-04
    2.863869E-01    0.000000E+00     6    3.177821E-10    1.556142E+02  -2.894315E-10    1.312056E-10
    2.820861E-01    0.000000E+00     1    9.198875E-04   -4.252466E+01   6.779447E-04   -6.217588E-04
    2.820861E-01    0.000000E+00     2    1.989913E-09    6.291048E+01   9.061708E-10    1.771612E-09
    2.820861E-01    0.000000E+00     3    2.569224E-04   -1.580489E+01   2.472094E-04   -6.997602E-05
    2.820861E-01    0.000000E+00     4    1.537205E-10    1.352700E+02  -1.092079E-10    1.081834E-10
    2.820861E-01    0.000000E+00     5    2.395854E-04    5.093058E+01   1.510015E-04    1.860100E-04
    2.820861E-01    0.000000E+00     6    3.419078E-10    1.517923E+02  -3.013027E-10    1.616094E-10
    2.779138E-01    0.000000E+00     1    1.102610E-03   -7.024971E+01   3.725956E-04   -1.037748E-03
    2.779138E-01    0.000000E+00     2    1.965702E-09    5.614601E+01   1.095050E-09    1.632437E-09
    2.779138E-01    0.000000E+00     3    5.040049E-04   -1.867206E+01   4.774774E-04   -1.613577E-04
    2.779138E-01    0.000000E+00     4    1.652679E-10    1.339396E+02  -1.146793E-10    1.190048E-10
    2.779138E-01    0.000000E+00     5    2.281496E-04    4.639798E+01   1.573423E-04    1.652140E-04
    2.779138E-01    0.000000E+00     6    3.966180E-10    1.543118E+02  -3.574187E-10    1.719236E-10
    2.738619E-01    0.000000E+00     1    1.188177E-03   -9.253749E+01  -5.260423E-05   -1.187012E-03
    2.738619E-01    0.000000E+00     2    2.321975E-09    5.406987E+01   1.362531E-09    1.880180E-09
    2.738619E-01    0.000000E+00     3    6.219991E-04   -1.583063E+01   5.984081E-04   -1.696780E-04
    2.738619E-01    0.000000E+00     4    1.397582E-10    1.530736E+02  -1.246068E-10    6.328885E-11
    2.738619E-01    0.000000E+00     5    1.664308E-04    4.979802E+01   1.074285E-04    1.271155E-04
    2.738619E-01    0.000000E+00     6    4.155624E-10    1.492196E+02  -3.570241E-10    2.126639E-10
    2.699276E-01    0.000000E+00     1    1.057526E-03   -1.146138E+02  -4.404597E-04   -9.614345E-04
    2.699276E-01    0.000000E+00     2    1.634742E-09    5.078050E+01   1.033636E-09    1.266483E-09
    2.699276E-01    0.000000E+00     3    6.406833E-04   -1.331917E+01   6.234502E-04   -1.475976E-04
    2.699276E-01    0.000000E+00     4    7.070688E-11   -1.567231E+02  -6.495174E-11   -2.794164E-11
    2.699276E-01    0.000000E+00     5    3.924103E-05    4.580153E+01   2.735673E-05    2.813304E-05
    2.699276E-01    0.000000E+00     6    3.942162E-10    1.453090E+02  -3.241377E-10    2.243684E-10
    2.661036E-01    0.000000E+00     1    9.150508E-04   -1.445596E+02  -7.455090E-04   -5.305980E-04
    2.661036E-01    0.000000E+00     2    1.455042E-09    1.326442E+01   1.416224E-09    3.338526E-10
    2.661036E-01    0.000000E+00     3    5.142650E-04   -8.218614E+00   5.089834E-04   -7.351443E-05
    2.661036E-01    0.000000E+00     4    4.129546E-11   -1.121219E+02  -1.555098E-11   -3.825549E-11
    2.661036E-01    0.000000E+00     5    7.173346E-05   -1.128891E+02  -2.790059E-05   -6.608515E-05
    2.661036E-01    0.000000E+00     6    5.571125E-10    1.414632E+02  -4.357779E-10    3.470908E-10
    2.623876E-01    0.000000E+00     1    7.811375E-04   -1.780087E+02  -7.806658E-04   -2.714274E-05
    2.623876E-01    0.000000E+00     2    8.545934E-10   -6.809066E+00   8.485657E-10   -1.013215E-10
    2.623876E-01    0.000000E+00     3    2.635501E-04   -1.012965E+00   2.635089E-04   -4.659209E-06
    2.623876E-01    0.000000E+00     4    1.171162E-10   -1.266458E+02  -6.990277E-11   -9.396708E-11
    2.623876E-01    0.000000E+00     5    1.281799E-04   -1.012450E+02  -2.499579E-05   -1.257191E-04
    2.623876E-01    0.000000E+00     6    4.178102E-10    1.433037E+02  -3.350061E-10    2.496722E-10
    2.587728E-01    0.000000E+00     1    8.103661E-04    1.471050E+02  -6.804382E-04    4.401102E-04
    2.587728E-01    0.000000E+00     2    1.183268E-09    1.118176E+01   1.160806E-09    2.294617E-10
    2.587728E-01    0.000000E+00     3    2.049596E-04    8.452283E+01   1.956323E-05    2.040239E-04
    2.587728E-01    0.000000E+00     4    1.254005E-10   -1.166697E+02  -5.628554E-11   -1.120590E-10
    2.587728E-01    0.000000E+00     5    1.785685E-04   -1.005068E+02  -3.256250E-05   -1.755745E-04
    2.587728E-01    0.000000E+00     6    2.756496E-10    1.615412E+02  -2.614678E-10    8.727709E-11
    2.552574E-01    0.000000E+00     1    7.999500E-04    1.254543E+02  -4.640141E-04    6.516218E-04
    2.552574E-01    0.000000E+00     2    1.296685E-09    1.292897E+01   1.263812E-09    2.901242E-10
    2.552574E-01    0.000000E+00     3    4.196073E-04    1.216594E+02  -2.202386E-04    3.571627E-04
    2.552574E-01    0.000000E+00     4    1.886946E-10   -8.404245E+01   1.958490E-11   -1.876754E-10
    2.552574E-01    0.000000E+00     5    1.826741E-04   -8.282904E+01   2.280329E-05   -1.812453E-04
    2.552574E-01    0.000000E+00     6    2.563743E-10    1.583834E+02  -2.383435E-10    9.444658E-11
    2.518351E-01    0.000000E+00     1    6.132726E-04    1.057934E+02  -1.669143E-04    5.901210E-04
    2.518351E-01    0.000000E+00     2    1.433796E-09    3.663393E+00   1.430866E-09    9.161200E-11
    2.518351E-01    0.000000E+00     3    6.243052E-04    1.394329E+02  -4.742504E-04    4.060094E-04
    2.518351E-01    0.000000E+00     4    2.380503E-10   -7.171065E+01   7.470398E-11   -2.260249E-10
    2.518351E-01    0.000000E+00     5    2.149132E-04   -6.873426E+01   7.794775E-05   -2.002794E-04
    2.518351E-01    0.000000E+00     6    2.894544E-10    1.571030E+02  -2.666470E-10    1.126198E-10
    2.485044E-01    0.000000E+00     1    3.750831E-04    7.659138E+01   8.697960E-05    3.648587E-04
    2.485044E-01    0.000000E+00     2    1.669916E-09    7.436068E+01   4.501773E-10    1.608092E-09
    2.485044E-01    0.000000E+00     3    6.769060E-04    1.484201E+02  -5.766637E-04    3.544864E-04
    2.485044E-01    0.000000E+00     4    2.427129E-10   -8.533420E+01   1.974314E-11   -2.419085E-10
    2.485044E-01    0.000000E+00     5    1.980917E-04   -5.438608E+01   1.153528E-04   -1.610405E-04
    2.485044E-01    0.000000E+00     6    4.957766E-11   -1.164118E+02  -2.205312E-11   -4.440275E-11
    2.452597E-01    0.000000E+00     1    2.228727E-04    2.499061E+01   2.020067E-04    9.415697E-05
    2.452597E-01    0.000000E+00     2    2.246331E-09    4.088240E+01   1.698349E-09    1.470243E-09
    2.452597E-01    0.000000E+00     3    6.459374E-04    1.563774E+02  -5.918108E-04    2.588340E-04
    2.452597E-01    0.000000E+00     4    2.380746E-10   -6.831708E+01   8.796135E-11   -2.212291E-10
    2.452597E-01    0.000000E+00     5    2.026079E-04   -4.952360E+01   1.315198E-04   -1.541184E-04
    2.452597E-01    0.000000E+00     6    5.459737E-11   -9.801659E+01  -7.614142E-12   -5.406383E-11
    2.420995E-01    0.000000E+00     1    2.008416E-04   -3.256055E+01   1.692739E-04   -1.080911E-04
    2.420995E-01    0.000000E+00     2    2.924094E-09    5.416690E+01   1.711841E-09    2.370638E-09
    2.420995E-01    0.000000E+00     3    6.238750E-04    1.654221E+02  -6.037901E-04    1.570269E-04
    2.420995E-01    0.000000E+00     4    1.849473E-10   -6.213725E+01   8.643605E-11   -1.635063E-10
    2.420995E-01    0.000000E+00     5    2.063178E-04   -5.553645E+01   1.167515E-04   -1.701062E-04
    2.420995E-01    0.000000E+00     6    5.979306E-11   -7.895650E+01   1.145362E-11   -5.868582E-11
    2.390189E-01    0.000000E+00     1    1.884075E-04   -8.084111E+01   2.998937E-05   -1.860055E-04
    2.390189E-01    0.000000E+00     2    3.690968E-09    6.469195E+01   1.577833E-09    3.336718E-09
    2.390189E-01    0.000000E+00     3    6.347559E-04    1.729554E+02  -6.299641E-04    7.784781E-05
    2.390189E-01    0.000000E+00     4    1.507330E-10   -7.695061E+01   3.403413E-11   -1.468404E-10
    2.390189E-01    0.000000E+00     5    2.156189E-04   -7.122231E+01   6.940709E-05   -2.041425E-04
    2.390189E-01    0.000000E+00     6    2.951960E-10   -3.999655E+01   2.261447E-10   -1.897347E-10
    2.360165E-01    0.000000E+00     1    1.761143E-04   -1.377797E+02  -1.304243E-04   -1.183459E-04
    2.360165E-01    0.000000E+00     2    4.574853E-09    4.278583E+01   3.357475E-09    3.107514E-09
    2.360165E-01    0.000000E+00     3    6.553500E-04    1.738324E+02  -6.515568E-04    7.040892E-05
    2.360165E-01    0.000000E+00     4    1.425564E-10   -7.658372E+01   3.307653E-11   -1.386660E-10
    2.360165E-01    0.000000E+00     5    2.515551E-04   -9.053646E+01  -2.355278E-06   -2.515441E-04
    2.360165E-01    0.000000E+00     6    3.489750E-10   -4.629300E+01   2.411315E-10   -2.522680E-10
    2.330878E-01    0.000000E+00     1    2.417089E-04    1.747805E+02  -2.407067E-04    2.198864E-05
    2.330878E-01    0.000000E+00     2    4.267021E-09    3.511284E+01   3.490512E-09    2.454342E-09
    2.330878E-01    0.000000E+00     3    6.839807E-04    1.661265E+02  -6.640273E-04    1.640041E-04
    2.330878E-01    0.000000E+00     4    5.019095E-11   -1.048344E+02  -1.285017E-11   -4.851809E-11
    2.330878E-01    0.000000E+00     5    2.971263E-04   -1.041082E+02  -7.242571E-05   -2.881641E-04
    2.330878E-01    0.000000E+00     6    3.231813E-10   -5.900847E+01   1.664097E-10   -2.770451E-10
    2.302309E-01    0.000000E+00     1    3.090174E-04    1.479960E+02  -2.620501E-04    1.637727E-04
    2.302309E-01    0.000000E+00     2    4.580543E-09    3.199668E+01   3.884661E-09    2.427093E-09
    2.302309E-01    0.000000E+00     3    7.412676E-04    1.524581E+02  -6.572618E-04    3.427601E-04
    2.302309E-01    0.000000E+00     4    7.511829E-11    1.710068E+02  -7.419486E-11    1.174225E-11
    2.302309E-01    0.000000E+00     5    3.311972E-04   -1.126875E+02  -1.277442E-04   -3.055700E-04
    2.302309E-01    0.000000E+00     6    3.004213E-10   -6.794135E+01   1.128249E-10   -2.784304E-10
    2.274440E-01    0.000000E+00     1    3.325651E-04    1.292661E+02  -2.104879E-04    2.574770E-04
    2.274440E-01    0.000000E+00     2    4.216787E-09    2.237580E+01   3.899292E-09    1.605246E-09
    2.274440E-01    0.000000E+00     3    8.265389E-04    1.381856E+02  -6.160265E-04    5.510698E-04
    2.274440E-01    0.000000E+00     4    1.952919E-11    1.684612E+02  -1.913450E-11    3.906440E-12
    2.274440E-01    0.000000E+00     5    3.338988E-04   -1.172740E+02  -1.530081E-04   -2.967775E-04
    2.274440E-01    0.000000E+00     6    1.183011E-10   -1.313564E+02  -7.816636E-11   -8.879843E-11
    2.247229E-01    0.000000E+00     1    3.069423E-04    1.161134E+02  -1.351006E-04    2.756110E-04
    2.247229E-01    0.000000E+00     2    3.136293E-09    1.238603E+01   3.063295E-09    6.727264E-10
    2.247229E-01    0.000000E+00     3    8.997363E-04    1.282390E+02  -5.568862E-04    7.066847E-04
    2.247229E-01    0.000000E+00     4    1.197303E-11    1.508197E+02  -1.045353E-11    5.837566E-12
    2.247229E-01    0.000000E+00     5    3.084517E-04   -1.191346E+02  -1.501737E-04   -2.694259E-04
    2.247229E-01    0.000000E+00     6    1.919115E-10    1.515657E+02  -1.687601E-10    9.137870E-11
    2.220670E-01    0.000000E+00     1    2.284879E-04    1.026998E+02  -5.023144E-05    2.228981E-04
    2.220670E-01    0.000000E+00     2    2.904665E-09   -9.790485E+00   2.862362E-09   -4.939263E-10
    2.220670E-01    0.000000E+00     3    8.922761E-04    1.194004E+02  -4.380270E-04    7.773603E-04
    2.220670E-01    0.000000E+00     4    3.996948E-11    1.368066E+02  -2.913964E-11    2.735764E-11
    2.220670E-01    0.000000E+00     5    2.639960E-04   -1.163687E+02  -1.172526E-04   -2.365284E-04
    2.220670E-01    0.000000E+00     6    4.342299E-10    1.221088E+02  -2.308058E-10    3.678101E-10
    2.194723E-01    0.000000E+00     1    1.600447E-04    7.563030E+01   3.971951E-05    1.550376E-04
    2.194723E-01    0.000000E+00     2    2.182631E-09   -2.922229E+01   1.904852E-09   -1.065559E-09
    2.194723E-01    0.000000E+00     3    9.455959E-04    1.087997E+02  -3.047280E-04    8.951494E-04
    2.194723E-01    0.000000E+00     4    5.485367E-11    1.792513E+02  -5.484899E-11    7.167261E-13
    2.194723E-01    0.000000E+00     5    1.898050E-04   -1.045994E+02  -4.784197E-05   -1.836766E-04
    2.194723E-01    0.000000E+00     6    3.742229E-10    1.463431E+02  -3.114922E-10    2.074014E-10
    2.169383E-01    0.000000E+00     1    1.282076E-04    6.365037E+01   5.690465E-05    1.148872E-04
    2.169383E-01    0.000000E+00     2    2.009326E-09   -2.598078E+01   1.806266E-09   -8.802246E-10
    2.169383E-01    0.000000E+00     3    1.027434E-03    1.011986E+02  -1.995377E-04    1.007872E-03
    2.169383E-01    0.000000E+00     4    3.745169E-11   -1.678826E+02  -3.661725E-11   -7.861665E-12
    2.169383E-01    0.000000E+00     5    1.378776E-04   -1.005472E+02  -2.523778E-05   -1.355481E-04
    2.169383E-01    0.000000E+00     6    5.956357E-10    1.468147E+02  -4.984905E-10    3.260202E-10
    2.144615E-01    0.000000E+00     1    9.980286E-05    1.620262E+01   9.583878E-05    2.784850E-05
    2.144615E-01    0.000000E+00     2    1.901687E-09   -5.498178E+01   1.091258E-09   -1.557424E-09
    2.144615E-01    0.000000E+00     3    9.610049E-04    9.433553E+01  -7.264925E-05    9.582550E-04
    2.144615E-01    0.000000E+00     4    6.011624E-11   -4.252688E+01   4.430329E-11   -4.063473E-11
    2.144615E-01    0.000000E+00     5    9.158748E-05   -6.596152E+01   3.730816E-05   -8.364430E-05
    2.144615E-01    0.000000E+00     6    7.406528E-10    1.394113E+02  -5.624511E-10    4.818872E-10
    2.120413E-01    0.000000E+00     1    1.730838E-04   -1.836368E+01   1.642697E-04   -5.452962E-05
    2.120413E-01    0.000000E+00     2    1.083265E-09   -7.598018E+01   2.624292E-10   -1.050997E-09
    2.120413E-01    0.000000E+00     3    8.756576E-04    9.308052E+01  -4.705720E-05    8.743923E-04
    2.120413E-01    0.000000E+00     4    2.507050E-11    1.962621E+01   2.361400E-11    8.420740E-12
    2.120413E-01    0.000000E+00     5    9.129386E-05   -4.525995E+01   6.426096E-05   -6.484673E-05
    2.120413E-01    0.000000E+00     6    6.667415E-10    1.346566E+02  -4.686230E-10    4.742750E-10
    2.096743E-01    0.000000E+00     1    2.024683E-04   -3.803414E+01   1.594729E-04   -1.247470E-04
    2.096743E-01    0.000000E+00     2    1.681289E-09   -1.740056E+02  -1.672096E-09   -1.755783E-10
    2.096743E-01    0.000000E+00     3    6.585614E-04    8.246322E+01   8.637868E-05    6.528720E-04
    2.096743E-01    0.000000E+00     4    2.367545E-11   -1.689107E+01   2.265406E-11   -6.878975E-12
    2.096743E-01    0.000000E+00     5    8.250731E-05   -1.325695E+01   8.030861E-05   -1.892044E-05
    2.096743E-01    0.000000E+00     6    6.689699E-10    1.240958E+02  -3.750104E-10    5.539747E-10
    2.073604E-01    0.000000E+00     1    1.939230E-04   -6.858593E+01   7.080233E-05   -1.805357E-04
    2.073604E-01    0.000000E+00     2    1.178400E-09   -1.476613E+02  -9.956306E-10   -6.303536E-10
    2.073604E-01    0.000000E+00     3    3.875854E-04    7.920856E+01   7.256939E-05    3.807310E-04
    2.073604E-01    0.000000E+00     4    4.739182E-11   -2.904245E+00   4.733095E-11   -2.401199E-12
    2.073604E-01    0.000000E+00     5    1.016227E-04   -1.519227E+01   9.807114E-05   -2.663112E-05
    2.073604E-01    0.000000E+00     6    6.776519E-10    1.212621E+02  -3.516700E-10    5.792584E-10
    2.050963E-01    0.000000E+00     1    1.900107E-04   -1.075905E+02  -5.742340E-05   -1.811260E-04
    2.050963E-01    0.000000E+00     2    1.729239E-09    1.762305E+02  -1.725498E-09    1.136844E-10
    2.050963E-01    0.000000E+00     3    1.182467E-04    1.009573E+02  -2.247597E-05    1.160910E-04
    2.050963E-01    0.000000E+00     4    3.470520E-11   -9.426105E+01  -2.578627E-12   -3.460927E-11
    2.050963E-01    0.000000E+00     5    1.027417E-04   -8.472092E+00   1.016206E-04   -1.513670E-05
    2.050963E-01    0.000000E+00     6    5.881756E-10    1.166610E+02  -2.639210E-10    5.256389E-10
    2.028817E-01    0.000000E+00     1    2.000226E-04   -1.549201E+02  -1.811640E-04   -8.478590E-05
    2.028817E-01    0.000000E+00     2    1.584278E-09    1.666946E+02  -1.541752E-09    3.646087E-10
    2.028817E-01    0.000000E+00     3    1.596888E-04   -1.389750E+02  -1.204729E-04   -1.048179E-04
    2.028817E-01    0.000000E+00     4    7.957773E-11   -1.152576E+02  -3.395488E-11   -7.197000E-11
    2.028817E-01    0.000000E+00     5    8.072272E-05   -6.436508E+00   8.021390E-05   -9.049189E-06
    2.028817E-01    0.000000E+00     6    4.041395E-10    7.801766E+01   8.390349E-11    3.953339E-10
    2.007138E-01    0.000000E+00     1    2.183636E-04    1.622939E+02  -2.080195E-04    6.641195E-05
    2.007138E-01    0.000000E+00     2    7.410036E-10   -1.354082E+02  -5.276886E-10   -5.202221E-10
    2.007138E-01    0.000000E+00     3    2.735689E-04   -1.258051E+02  -1.600461E-04   -2.218676E-04
    2.007138E-01    0.000000E+00     4    1.217186E-10   -7.622731E+01   2.897760E-11   -1.182189E-10
    2.007138E-01    0.000000E+00     5    5.875881E-05   -1.398002E+00   5.874132E-05   -1.433558E-06
    2.007138E-01    0.000000E+00     6    2.157235E-10    5.082433E+01   1.362726E-10    1.672317E-10
    1.985918E-01    0.000000E+00     1    2.265846E-04    1.192041E+02  -1.105555E-04    1.977828E-04
    1.985918E-01    0.000000E+00     2    1.271968E-09   -1.370020E+02  -9.302888E-10   -8.674473E-10
    1.985918E-01    0.000000E+00     3    3.084060E-04   -1.338714E+02  -2.137383E-04   -2.223291E-04
    1.985918E-01    0.000000E+00     4    9.740153E-11   -7.345716E+01   2.773335E-11   -9.336979E-11
    1.985918E-01    0.000000E+00     5    4.543511E-05    7.351632E+00   4.506161E-05    5.813803E-06
    1.985918E-01    0.000000E+00     6    2.511113E-10    1.851155E+01   2.381187E-10    7.972680E-11
    1.965147E-01    0.000000E+00     1    2.246522E-04    7.201711E+01   6.935755E-05    2.136777E-04
    1.965147E-01    0.000000E+00     2    8.842144E-10    1.679838E+02  -8.648401E-10    1.840834E-10
    1.965147E-01    0.000000E+00     3    3.243171E-04   -1.403851E+02  -2.498368E-04   -2.067925E-04
    1.965147E-01    0.000000E+00     4    8.700023E-11   -4.796838E+01   5.825019E-11   -6.462163E-11
    1.965147E-01    0.000000E+00     5    5.802028E-05    1.086037E+01   5.698110E-05    1.093196E-05
    1.965147E-01    0.000000E+00     6    2.957922E-10   -1.786772E+01   2.815253E-10   -9.075506E-11
    1.944801E-01    0.000000E+00     1    2.454142E-04    2.008592E+01   2.304878E-04    8.428233E-05
    1.944801E-01    0.000000E+00     2    1.197379E-09    1.387131E+02  -8.997282E-10    7.900671E-10
    1.944801E-01    0.000000E+00     3    3.125055E-04   -1.383338E+02  -2.334511E-04   -2.077504E-04
    1.944801E-01    0.000000E+00     4    1.439671E-10   -3.738458E+01   1.143931E-10   -8.741134E-11
    1.944801E-01    0.000000E+00     5    8.340894E-05    2.135638E+01   7.768153E-05    3.037485E-05
    1.944801E-01    0.000000E+00     6    1.852677E-10    2.083957E+01   1.731475E-10    6.590944E-11
    1.924878E-01    0.000000E+00     1    2.866393E-04   -2.664872E+01   2.561905E-04   -1.285632E-04
    1.924878E-01    0.000000E+00     2    1.632153E-09    1.217417E+02  -8.586606E-10    1.388029E-09
    1.924878E-01    0.000000E+00     3    2.666242E-04   -1.231913E+02  -1.459595E-04   -2.231239E-04
    1.924878E-01    0.000000E+00     4    1.376051E-10   -5.588197E+01   7.718265E-11   -1.139211E-10
    1.924878E-01    0.000000E+00     5    9.285071E-05    2.926215E+01   8.100225E-05    4.538600E-05
    1.924878E-01    0.000000E+00     6    2.949070E-10    6.740822E+00   2.928684E-10    3.461569E-11
    1.905352E-01    0.000000E+00     1    3.149334E-04   -6.862472E+01   1.147854E-04   -2.932702E-04
    1.905352E-01    0.000000E+00     2    1.480274E-09    1.169833E+02  -6.716453E-10    1.319130E-09
    1.905352E-01    0.000000E+00     3    2.124725E-04   -8.590623E+01   1.516819E-05   -2.119304E-04
    1.905352E-01    0.000000E+00     4    1.502172E-10   -5.862887E+01   7.820002E-11   -1.282575E-10
    1.905352E-01    0.000000E+00     5    7.724780E-05    2.889249E+01   6.763260E-05    3.732364E-05
    1.905352E-01    0.000000E+00     6    2.709251E-10   -1.222443E+01   2.647820E-10   -5.736611E-11
    1.886225E-01    0.000000E+00     1    3.111687E-04   -1.125119E+02  -1.191388E-04   -2.874576E-04
    1.886225E-01    0.000000E+00     2    1.779308E-09    1.121523E+02  -6.709231E-10    1.647968E-09
    1.886225E-01    0.000000E+00     3    1.735089E-04   -4.612537E+01   1.202560E-04   -1.250753E-04
    1.886225E-01    0.000000E+00     4    1.380828E-10   -4.937665E+01   8.990345E-11   -1.048057E-10
    1.886225E-01    0.000000E+00     5    4.956066E-05    1.979516E+01   4.663209E-05    1.678414E-05
    1.886225E-01    0.000000E+00     6    4.841494E-11    7.910620E+01   9.149897E-12    4.754247E-11
    1.867472E-01    0.000000E+00     1    3.093101E-04   -1.622556E+02  -2.945948E-04   -9.426907E-05
    1.867472E-01    0.000000E+00     2    2.053107E-09    1.008413E+02  -3.861678E-10    2.016463E-09
    1.867472E-01    0.000000E+00     3    1.790828E-04   -7.427797E+00   1.775800E-04   -2.315123E-05
    1.867472E-01    0.000000E+00     4    7.812177E-11   -3.896530E+01   6.074178E-11   -4.912684E-11
    1.867472E-01    0.000000E+00     5    2.307500E-05   -7.073386E-01   2.307324E-05   -2.848626E-07
    1.867472E-01    0.000000E+00     6    5.423651E-11    6.350523E+01   2.419578E-11    4.854032E-11
    1.849094E-01    0.000000E+00     1    3.306507E-04    1.489314E+02  -2.832188E-04    1.706370E-04
    1.849094E-01    0.000000E+00     2    1.810649E-09    1.022362E+02  -3.837528E-10    1.769515E-09
    1.849094E-01    0.000000E+00     3    2.262295E-04    2.762229E+01   2.004446E-04    1.048892E-04
    1.849094E-01    0.000000E+00     4    2.714812E-11   -1.470865E+02  -2.279063E-11   -1.475152E-11
    1.849094E-01    0.000000E+00     5    2.537191E-05   -6.877683E+01   9.184672E-06   -2.365112E-05
    1.849094E-01    0.000000E+00     6    1.323873E-10   -6.225625E+00   1.316065E-10   -1.435660E-11
    1.831069E-01    0.000000E+00     1    3.446167E-04    1.027589E+02  -7.610803E-05    3.361075E-04
    1.831069E-01    0.000000E+00     2    2.273464E-09    1.089365E+02  -7.377829E-10    2.150422E-09
    1.831069E-01    0.000000E+00     3    2.404894E-04    5.356849E+01   1.428174E-04    1.934899E-04
    1.831069E-01    0.000000E+00     4    4.081041E-11    1.792806E+02  -4.080719E-11    5.124011E-13
    1.831069E-01    0.000000E+00     5    2.508357E-05   -7.688068E+01   5.693462E-06   -2.442888E-05
    1.831069E-01    0.000000E+00     6    2.221863E-10   -3.762705E+01   1.759719E-10   -1.356490E-10
    1.813397E-01    0.000000E+00     1    3.204102E-04    5.865723E+01   1.666636E-04    2.736530E-04
    1.813397E-01    0.000000E+00     2    2.667500E-09    9.935752E+01  -4.337210E-10    2.632004E-09
    1.813397E-01    0.000000E+00     3    1.966004E-04    3.998193E+01   1.506445E-04    1.263248E-04
    1.813397E-01    0.000000E+00     4    7.825677E-11   -1.542762E+02  -7.050125E-11   -3.396610E-11
    1.813397E-01    0.000000E+00     5    2.328412E-05   -5.576896E+01   1.309805E-05   -1.925075E-05
    1.813397E-01    0.000000E+00     6    2.852830E-11   -3.198530E+00   2.848386E-11   -1.591762E-12
    1.796058E-01    0.000000E+00     1    2.923765E-04    2.991060E+00   2.919782E-04    1.525625E-05
    1.796058E-01    0.000000E+00     2    3.225987E-09    7.744208E+01   7.014149E-10    3.148810E-09
    1.796058E-01    0.000000E+00     3    1.309552E-04    2.417354E+01   1.194716E-04    5.362639E-05
    1.796058E-01    0.000000E+00     4    2.437111E-11   -1.418642E+02  -1.916907E-11   -1.504984E-11
    1.796058E-01    0.000000E+00     5    2.414252E-05    1.907222E+00   2.412914E-05    8.034909E-07
    1.796058E-01    0.000000E+00     6    1.359064E-10   -1.755336E+02  -1.354937E-10   -1.058358E-11
    1.779052E-01    0.000000E+00     1    3.264849E-04   -5.070207E+01   2.067802E-04   -2.526547E-04
    1.779052E-01    0.000000E+00     2    3.272961E-09    7.159569E+01   1.033341E-09    3.105557E-09
    1.779052E-01    0.000000E+00     3    1.251714E-04    1.801727E+00   1.251095E-04    3.935499E-06
    1.779052E-01    0.000000E+00     4    2.861887E-11   -6.540580E+01   1.191085E-11   -2.602252E-11
    1.779052E-01    0.000000E+00     5    3.330949E-05    4.330533E+01   2.423961E-05    2.284651E-05
    1.779052E-01    0.000000E+00     6    7.778183E-11   -1.395905E+01   7.548481E-11   -1.876318E-11
    1.762361E-01    0.000000E+00     1    3.274246E-04   -9.576238E+01  -3.287443E-05   -3.257701E-04
    1.762361E-01    0.000000E+00     2    3.394714E-09    6.629161E+01   1.364953E-09    3.108213E-09
    1.762361E-01    0.000000E+00     3    1.355245E-04   -1.106213E+01   1.330064E-04   -2.600353E-05
    1.762361E-01    0.000000E+00     4    4.315367E-11   -9.553335E+01  -4.161098E-12   -4.295258E-11
    1.762361E-01    0.000000E+00     5    2.640648E-05    6.485671E+01   1.121968E-05    2.390441E-05
    1.762361E-01    0.000000E+00     6    3.942578E-10    8.466318E+00   3.899614E-10    5.804578E-11
    1.745979E-01    0.000000E+00     1    2.865173E-04   -1.475728E+02  -2.418418E-04   -1.536383E-04
    1.745979E-01    0.000000E+00     2    3.627816E-09    5.486923E+01   2.087607E-09    2.966976E-09
    1.745979E-01    0.000000E+00     3    1.147671E-04   -8.671912E-01   1.147539E-04   -1.736973E-06
    1.745979E-01    0.000000E+00     4    2.376594E-11   -2.959665E+01   2.066505E-11   -1.173778E-11
    1.745979E-01    0.000000E+00     5    1.726797E-05    8.264710E+01   2.209963E-06    1.712597E-05
    1.745979E-01    0.000000E+00     6    3.995907E-10   -1.098319E+01   3.922715E-10   -7.613044E-11
    1.729904E-01    0.000000E+00     1    2.927105E-04    1.522413E+02  -2.590245E-04    1.363294E-04
    1.729904E-01    0.000000E+00     2    4.183525E-09    4.696335E+01   2.855114E-09    3.057811E-09
    1.729904E-01    0.000000E+00     3    5.858477E-05    7.885928E+01   1.131971E-05    5.748077E-05
    1.729904E-01    0.000000E+00     4    9.070271E-11   -7.890325E+00   8.984400E-11   -1.245142E-11
    1.729904E-01    0.000000E+00     5    1.730409E-05    9.012006E+01  -3.626095E-08    1.730405E-05
    1.729904E-01    0.000000E+00     6    6.746267E-10   -1.116335E+00   6.744986E-10   -1.314341E-11
    1.714118E-01    0.000000E+00     1    3.247592E-04    1.033619E+02  -7.505232E-05    3.159679E-04
    1.714118E-01    0.000000E+00     2    4.475335E-09    5.964305E+01   2.261770E-09    3.861738E-09
    1.714118E-01    0.000000E+00     3    9.903769E-05    1.373231E+02  -7.281137E-05    6.713396E-05
    1.714118E-01    0.000000E+00     4    1.712001E-10   -1.165893E+01   1.676679E-10   -3.459703E-11
    1.714118E-01    0.000000E+00     5    3.913852E-05    7.327966E+01   1.126017E-05    3.748376E-05
    1.714118E-01    0.000000E+00     6    4.737731E-10   -1.710695E+01   4.528121E-10   -1.393634E-10
    1.698622E-01    0.000000E+00     1    2.929168E-04    5.646119E+01   1.618370E-04    2.441496E-04
    1.698622E-01    0.000000E+00     2    4.195538E-09    7.092592E+01   1.371061E-09    3.965190E-09
    1.698622E-01    0.000000E+00     3    6.718735E-05    1.317981E+02  -4.478088E-05    5.008805E-05
    1.698622E-01    0.000000E+00     4    1.601653E-10   -3.834591E+01   1.256144E-10   -9.936780E-11
    1.698622E-01    0.000000E+00     5    7.916940E-05    7.733337E+01   1.736011E-05    7.724261E-05
    1.698622E-01    0.000000E+00     6    4.311793E-10    3.397154E+00   4.304216E-10    2.555030E-11
    1.683399E-01    0.000000E+00     1    2.585005E-04   -3.902154E+00   2.579012E-04   -1.759169E-05
    1.683399E-01    0.000000E+00     2    3.996086E-09    6.680077E+01   1.574177E-09    3.672965E-09
    1.683399E-01    0.000000E+00     3    1.088576E-04    2.419809E+01   9.929270E-05    4.461993E-05
    1.683399E-01    0.000000E+00     4    1.862893E-10   -3.280612E+01   1.565778E-10   -1.009312E-10
    1.683399E-01    0.000000E+00     5    1.053984E-04    8.092365E+01   1.662664E-05    1.040787E-04
    1.683399E-01    0.000000E+00     6    2.398139E-10    6.897680E+00   2.380782E-10    2.880084E-11
    1.668451E-01    0.000000E+00     1    2.933731E-04   -6.056311E+01   1.441825E-04   -2.554980E-04
    1.668451E-01    0.000000E+00     2    2.865560E-09    8.111364E+01   4.426581E-10    2.831164E-09
    1.668451E-01    0.000000E+00     3    1.347239E-04    1.893947E+01   1.274302E-04    4.372720E-05
    1.668451E-01    0.000000E+00     4    1.864962E-10   -3.558931E+01   1.516604E-10   -1.085354E-10
    1.668451E-01    0.000000E+00     5    9.623819E-05    8.237257E+01   1.277378E-05    9.538668E-05
    1.668451E-01    0.000000E+00     6    1.613132E-10    7.018313E-01   1.613011E-10    1.975920E-12
    1.653761E-01    0.000000E+00     1    2.535712E-04   -7.578230E+01   6.227881E-05   -2.458042E-04
    1.653761E-01    0.000000E+00     2    2.328225E-09    9.966265E+01  -3.907853E-10    2.295195E-09
    1.653761E-01    0.000000E+00     3    1.436553E-04    1.201283E+01   1.405094E-04    2.989908E-05
    1.653761E-01    0.000000E+00     4    1.576073E-10   -4.301440E+01   1.152397E-10   -1.075169E-10
    1.653761E-01    0.000000E+00     5    8.366313E-05    8.370660E+01   9.171139E-06    8.315894E-05
    1.653761E-01    0.000000E+00     6    1.033583E-10   -8.364634E+01   1.143815E-11   -1.027234E-10
    1.639333E-01    0.000000E+00     1    2.002081E-04   -9.840119E+01  -2.925111E-05   -1.980597E-04
    1.639333E-01    0.000000E+00     2    2.117872E-09    1.212765E+02  -1.099532E-09    1.810086E-09
    1.639333E-01    0.000000E+00     3    1.386899E-04    6.807959E+00   1.377120E-04    1.644056E-05
    1.639333E-01    0.000000E+00     4    1.236583E-10   -5.695854E+01   6.742418E-11   -1.036598E-10
    1.639333E-01    0.000000E+00     5    5.134796E-05    8.429756E+01   5.102045E-06    5.109386E-05
    1.639333E-01    0.000000E+00     6    2.420076E-10   -1.194246E+02  -1.188931E-10   -2.107893E-10
    1.625149E-01    0.000000E+00     1    1.667688E-04   -1.360763E+02  -1.201176E-04   -1.156875E-04
    1.625149E-01    0.000000E+00     2    2.131233E-09    1.378479E+02  -1.580024E-09    1.430271E-09
    1.625149E-01    0.000000E+00     3    1.156885E-04    2.725528E+00   1.155577E-04    5.501163E-06
    1.625149E-01    0.000000E+00     4    9.854044E-11   -8.348865E+01   1.117449E-11   -9.790480E-11
    1.625149E-01    0.000000E+00     5    5.350917E-06   -8.021768E+01   9.091495E-07   -5.273117E-06
    1.625149E-01    0.000000E+00     6    3.726667E-10   -1.245639E+02  -2.114229E-10   -3.068890E-10
    1.611214E-01    0.000000E+00     1    2.000421E-04   -1.793955E+02  -2.000309E-04   -2.110490E-06
    1.611214E-01    0.000000E+00     2    2.110204E-09    1.450058E+02  -1.728701E-09    1.210188E-09
    1.611214E-01    0.000000E+00     3    7.057031E-05   -6.248271E-01   7.056611E-05   -7.695744E-07
    1.611214E-01    0.000000E+00     4    1.042652E-10   -1.190000E+02  -5.054884E-11   -9.119233E-11
    1.611214E-01    0.000000E+00     5    9.045847E-05   -9.194166E+01  -3.064896E-06   -9.040654E-05
    1.611214E-01    0.000000E+00     6    4.500980E-10   -1.234170E+02  -2.478820E-10   -3.756897E-10
    1.597511E-01    0.000000E+00     1    2.937968E-04    1.517082E+02  -2.587014E-04    1.392485E-04
    1.597511E-01    0.000000E+00     2    1.878734E-09    1.401335E+02  -1.442003E-09    1.204271E-09
    1.597511E-01    0.000000E+00     3    7.755312E-07   -1.633568E+02  -7.430418E-07   -2.221204E-07
    1.597511E-01    0.000000E+00     4    1.425119E-10   -1.436531E+02  -1.147852E-10   -8.446302E-11
    1.597511E-01    0.000000E+00     5    2.088714E-04   -9.177712E+01  -6.477440E-06   -2.087710E-04
    1.597511E-01    0.000000E+00     6    4.534211E-10   -1.175904E+02  -2.100006E-10   -4.018588E-10
    1.584043E-01    0.000000E+00     1    4.179818E-04    1.331457E+02  -2.858394E-04    3.049666E-04
    1.584043E-01    0.000000E+00     2    1.591186E-09    1.127907E+02  -6.163724E-10    1.466956E-09
    1.584043E-01    0.000000E+00     3    1.022732E-04    1.747866E+02  -1.018501E-04    9.293058E-06
    1.584043E-01    0.000000E+00     4    1.951300E-10   -1.562277E+02  -1.785742E-10   -7.865743E-11
    1.584043E-01    0.000000E+00     5    3.649416E-04   -9.141092E+01  -8.985829E-06   -3.648309E-04
    1.584043E-01    0.000000E+00     6    3.785084E-10   -1.021258E+02  -7.950935E-11   -3.700633E-10
    1.570796E-01    0.000000E+00     1    5.614411E-04    1.188791E+02  -2.711551E-04    4.916208E-04
    1.570796E-01    0.000000E+00     2    2.222379E-09    6.746417E+01   8.517513E-10    2.052678E-09
    1.570796E-01    0.000000E+00     3    2.381234E-04    1.727804E+02  -2.362356E-04    2.992549E-05
    1.570796E-01    0.000000E+00     4    2.503638E-10   -1.626367E+02  -2.389551E-10   -7.471614E-11
    1.570796E-01    0.000000E+00     5    5.631443E-04   -9.104266E+01  -1.024741E-05   -5.630510E-04
    1.570796E-01    0.000000E+00     6    3.104973E-10   -5.858069E+01   1.618614E-10   -2.649707E-10
