Nb de frequency :   120
 0.2000
  -5.559031E-04  -6.918927E-10  -4.861919E-08  5.055492E-10  -1.168795E-03  -1.052527E-10
  3.803065E-09  -7.123265E-03  -4.352871E-07  1.194951E-03  9.515819E-09  5.442475E-10
  -9.733354E-10  1.462296E-07  3.889394E-01  8.384773E-10  3.510642E-09  8.835654E-10
  -1.992030E-10  1.113051E-03  4.011762E-09  -3.721179E-04  -1.790149E-09  3.062667E-12
  -7.773265E-04  -1.029608E-09  7.461192E-09  1.098827E-10  -1.592482E-03  -1.283173E-10
  2.545753E-09  -1.142136E-09  -5.648948E-08  2.735131E-10  6.903481E-09  -2.495121E-05
 0.5345
  1.029946E-03  -7.467719E-11  7.250252E-09  -6.566687E-11  2.240225E-03  -2.596573E-11
  2.292635E-10  1.838539E-03  -2.444809E-07  -1.387736E-03  3.989510E-10  -7.524175E-11
  -5.291138E-10  1.279984E-08  7.674734E-01  3.700634E-09  -8.015308E-09  -3.248614E-09
  -4.725099E-11  -1.295501E-03  5.312047E-08  4.670105E-04  1.543335E-10  -1.253909E-10
  1.477779E-03  3.631719E-12  -5.731275E-09  -5.678484E-11  3.205219E-03  -9.866178E-11
  -3.798621E-10  1.432446E-10  -3.759055E-08  1.504731E-11  -1.118033E-09  3.017176E-06
 0.8689
  1.571674E-03  1.355105E-10  4.266532E-08  -3.777668E-10  3.407339E-03  1.584336E-11
  -1.943461E-09  5.874565E-03  -3.110797E-07  -2.382022E-03  -5.201024E-09  -4.235186E-10
  1.684039E-10  -6.543625E-08  1.213806E+00  6.079482E-09  -1.573025E-08  -5.947586E-09
  4.657090E-11  -2.222165E-03  8.237178E-08  7.838984E-04  1.287683E-09  -2.110577E-10
  2.250563E-03  9.720200E-10  -1.380415E-08  -9.293341E-11  4.848766E-03  -7.264371E-11
  -1.812876E-09  8.682710E-10  -2.853857E-08  -1.380068E-10  -5.079750E-09  1.814567E-05
 1.2034
  1.388404E-03  3.304388E-11  6.060892E-08  -4.776144E-10  3.019054E-03  2.631040E-11
  -2.937890E-09  6.258782E-03  -5.770414E-07  -2.227748E-03  -7.837963E-09  -5.518759E-10
  9.886059E-10  -9.697673E-08  1.743937E+00  7.861377E-09  -1.991987E-08  -7.437252E-09
  9.014677E-11  -2.077643E-03  9.409765E-08  7.268929E-04  1.740637E-09  -2.607574E-10
  1.994531E-03  1.806610E-09  -1.750731E-08  -4.285256E-11  4.306502E-03  -5.538135E-11
  -2.053660E-09  1.113883E-09  -2.786558E-08  -2.050252E-10  -5.790799E-09  2.255532E-05
 1.5378
  7.992600E-04  -2.877037E-10  6.406395E-08  -4.120738E-10  1.761876E-03  1.157123E-11
  -2.976804E-09  4.265161E-03  -9.843240E-07  -1.364756E-03  -8.065722E-09  -5.116068E-10
  1.800880E-09  -9.031972E-08  2.373867E+00  8.932673E-09  -2.086981E-08  -7.941511E-09
  9.136067E-11  -1.272639E-03  9.063007E-08  4.443416E-04  1.643933E-09  -2.813097E-10
  1.163187E-03  2.438453E-09  -1.759060E-08  4.916820E-11  2.546765E-03  -5.199294E-11
  -1.402584E-09  9.610199E-10  -3.410365E-08  -2.053836E-10  -4.060308E-09  1.836717E-05
 1.8723
  1.233658E-04  -7.323590E-10  5.601332E-08  -2.280089E-10  3.223124E-04  -2.223829E-11
  -2.282985E-09  1.167672E-03  -1.474885E-06  -2.328887E-04  -6.438157E-09  -3.540042E-10
  2.474615E-09  -5.396330E-08  3.119596E+00  9.179726E-09  -1.886575E-08  -7.684261E-09
  5.809667E-11  -2.178555E-04  7.430101E-08  8.459180E-05  1.128309E-09  -2.795342E-10
  2.100368E-04  2.798603E-09  -1.480389E-08  1.388394E-10  5.378972E-04  -6.759676E-11
  -1.600184E-10  4.906211E-10  -4.578483E-08  -1.584580E-10  -6.974074E-10  7.702279E-06
 2.2067
  -3.201547E-04  -1.206548E-09  3.943994E-08  2.771646E-11  -6.131309E-04  -6.898231E-11
  -1.079214E-09  -1.759717E-03  -1.990683E-06  7.280133E-04  -3.509124E-09  -1.303610E-10
  2.879199E-09  3.594407E-09  3.997125E+00  8.488891E-09  -1.419336E-08  -6.889403E-09
  -1.761193E-12  6.760036E-04  4.744242E-08  -2.040092E-04  3.245026E-10  -2.622505E-10
  -4.114158E-04  2.818112E-09  -9.897041E-09  1.818715E-10  -7.517610E-04  -1.073110E-10
  1.373666E-09  -2.163740E-10  -6.144117E-08  -8.362415E-11  3.488775E-09  -7.318312E-06
 2.5412
  -2.121776E-04  -1.615899E-09  1.732671E-08  3.082383E-10  -3.579472E-04  -1.225250E-10
  4.117266E-10  -3.243034E-03  -2.473676E-06  1.078108E-03  1.675212E-10  1.080297E-10
  2.884019E-09  7.385532E-08  5.022453E+00  6.746524E-09  -7.138299E-09  -5.780836E-09
  -8.032885E-11  9.982352E-04  1.238630E-08  -2.731140E-04  -6.367494E-10  -2.362783E-10
  -2.476656E-04  2.428032E-09  -3.619924E-09  1.339750E-10  -3.538690E-04  -1.762541E-10
  2.898098E-09  -1.079026E-09  -7.960475E-08  -2.579588E-13  7.689109E-09  -2.457355E-05
 2.8756
  7.743378E-04  -1.773079E-09  -6.790605E-09  6.858297E-10  1.747378E-03  -1.729874E-10
  -4.355146E-10  -3.016884E-03  -2.772157E-06  6.343171E-04  -3.301778E-09  4.314799E-11
  1.879055E-09  1.397696E-07  6.237618E+00  5.206286E-09  4.571585E-09  -4.539156E-09
  -2.540008E-10  5.756168E-04  -3.508473E-08  -4.130085E-05  -1.574215E-09  -1.992317E-10
  1.137105E-03  -5.323885E-11  -1.399331E-09  -3.942867E-10  2.613719E-03  -3.312924E-10
  3.518544E-09  -1.886503E-09  -1.014948E-07  -1.267954E-10  9.721926E-09  -5.625384E-05
 3.2101
  2.864221E-03  -1.313425E-09  -2.833159E-08  8.135705E-10  6.171248E-03  1.757148E-11
  1.044144E-09  4.684715E-04  -2.842504E-06  -9.476636E-04  6.346291E-10  4.429025E-10
  -7.085538E-10  1.861958E-07  7.653806E+00  2.262808E-09  1.481694E-08  -3.023689E-09
  -2.426981E-10  -9.125190E-04  -9.526533E-08  6.062284E-04  -2.229220E-09  -1.827855E-10
  4.053489E-03  -2.806913E-09  7.591624E-09  -1.189143E-09  8.787679E-03  -9.426238E-10
  3.439229E-09  -2.717424E-09  -1.205937E-07  7.313443E-11  9.584585E-09  -1.017901E-04
 3.5445
  6.608172E-03  -2.985511E-10  -4.051803E-08  6.582513E-10  1.409295E-02  -7.992527E-11
  2.168794E-09  9.079912E-03  -2.687149E-06  -4.473652E-03  4.185310E-09  -1.398748E-10
  -2.457985E-09  2.238066E-07  9.276231E+00  -3.696126E-09  3.016362E-08  -3.371404E-09
  -5.445882E-11  -4.218360E-03  -1.444217E-07  1.937657E-03  -1.845485E-09  -9.572665E-11
  9.281021E-03  -5.017177E-09  1.958437E-08  -1.401111E-09  1.981680E-02  -1.267602E-09
  1.471162E-09  -4.036429E-09  -1.368164E-07  2.986719E-10  4.128175E-09  -1.611486E-04
 3.8790
  1.245373E-02  7.478385E-10  -5.098594E-08  2.377308E-10  2.648668E-02  -3.773575E-10
  5.262335E-09  2.512380E-02  -2.348840E-06  -1.074418E-02  1.498399E-08  -1.370606E-09
  -3.691007E-09  2.734042E-07  1.109899E+01  -1.753427E-08  4.639628E-08  -3.703352E-09
  -2.818063E-11  -1.008868E-02  -1.700682E-07  4.209861E-03  -1.643297E-09  2.163914E-11
  1.746461E-02  -6.093161E-09  2.369064E-08  -2.424149E-09  3.706642E-02  -1.965905E-09
  -1.251787E-09  -4.794610E-09  -1.509272E-07  2.905990E-10  -2.972405E-09  -2.280778E-04
 4.2134
  2.080381E-02  2.159859E-09  -5.439930E-08  -4.614138E-10  4.426921E-02  -5.833691E-10
  7.225311E-09  5.129568E-02  -1.847139E-06  -2.066297E-02  1.857087E-08  -1.313744E-09
  -6.690103E-09  3.028148E-07  1.310560E+01  -3.127681E-08  5.804024E-08  -6.488535E-09
  -1.687337E-10  -1.936423E-02  -1.770642E-07  7.701645E-03  -1.796398E-09  -8.539428E-11
  2.921086E-02  -6.489332E-09  2.348889E-08  -3.487269E-09  6.185226E-02  -2.632895E-09
  -4.862755E-09  -4.470903E-09  -1.532693E-07  -6.071217E-10  -1.320482E-08  -2.857101E-04
 4.5479
  3.196156E-02  2.557302E-09  -4.968771E-08  -1.014883E-09  6.819433E-02  -7.623607E-10
  1.092206E-08  9.055126E-02  -1.221456E-06  -3.517776E-02  2.944075E-08  -1.785295E-09
  -1.148258E-08  3.132503E-07  1.527402E+01  -4.618567E-08  6.031470E-08  -9.209206E-09
  -2.446904E-10  -3.292709E-02  -1.639003E-07  1.269171E-02  -1.690086E-09  -2.315219E-10
  4.501744E-02  -6.287594E-09  1.264601E-08  -4.329621E-09  9.530796E-02  -2.973118E-09
  -7.416197E-09  -4.790494E-09  -1.451487E-07  -8.161180E-10  -1.945567E-08  -3.016786E-04
 4.8824
  4.608041E-02  3.365758E-09  -3.785354E-08  -1.673690E-09  9.874185E-02  -2.152781E-10
  1.388720E-08  1.458763E-01  -5.525637E-07  -5.519530E-02  4.204753E-08  -1.794414E-09
  -1.862877E-08  2.797998E-07  1.758798E+01  -5.199382E-08  5.555919E-08  -6.521476E-09
  -3.930676E-10  -5.161923E-02  -1.255451E-07  1.942979E-02  -1.812027E-09  -5.470543E-10
  6.519850E-02  -5.810497E-09  -5.815124E-09  -4.569283E-09  1.382276E-01  -1.374553E-09
  -8.991621E-09  -4.484672E-09  -1.280575E-07  -1.587168E-09  -2.377753E-08  -2.240020E-04
 5.2168
  6.314786E-02  5.149371E-09  -3.461854E-08  -2.453179E-09  1.360496E-01  1.789224E-10
  1.747257E-08  2.199895E-01  9.567450E-08  -8.147802E-02  6.011555E-08  -1.302226E-09
  -2.819957E-08  2.289394E-07  2.004215E+01  -5.388784E-08  4.175533E-08  -2.750074E-09
  -7.296864E-10  -7.614633E-02  -6.545916E-08  2.810460E-02  -2.893227E-09  -9.728387E-10
  8.983935E-02  -6.342912E-09  -2.480923E-08  -5.151034E-09  1.909080E-01  2.037795E-09
  -8.573340E-09  -4.200955E-09  -1.138779E-07  -1.973732E-09  -2.420264E-08  2.183739E-05
 5.5513
  8.301409E-02  4.471078E-09  -3.588484E-08  -2.868614E-09  1.799765E-01  1.655464E-10
  1.928043E-08  3.148267E-01  5.197779E-07  -1.144760E-01  6.501576E-08  -1.055929E-09
  -3.783242E-08  1.370123E-07  2.262521E+01  -5.628259E-08  1.371848E-08  3.159776E-09
  -1.102812E-09  -1.069220E-01  1.567836E-08  3.879455E-02  -3.769142E-09  -1.590891E-09
  1.188397E-01  -3.372764E-09  -2.534366E-08  -4.058210E-09  2.530672E-01  6.547648E-09
  -5.893662E-09  -3.695651E-09  -7.172791E-08  -2.428582E-09  -1.679471E-08  5.327620E-04
 5.8857
  1.054316E-01  3.591247E-09  -3.630037E-08  -4.041039E-09  2.305718E-01  -6.594140E-10
  2.023366E-08  4.312632E-01  6.964363E-07  -1.542504E-01  5.897055E-08  -1.126893E-09
  -4.523644E-08  2.539430E-08  2.527974E+01  -4.840070E-08  -1.101053E-08  9.929936E-09
  -1.826807E-09  -1.439961E-01  1.016621E-07  5.144967E-02  -5.391560E-09  -2.685459E-09
  1.522255E-01  -1.652734E-09  -1.371496E-08  -4.654425E-09  3.246541E-01  1.335681E-08
  -3.968891E-12  -2.118309E-09  -2.662294E-08  -1.099281E-09  -1.942493E-09  1.427567E-03
 6.2202
  1.296854E-01  3.102670E-09  -3.975938E-08  -4.348416E-09  2.880456E-01  -1.489929E-09
  1.627053E-08  5.688578E-01  6.508812E-07  -2.004221E-01  4.161579E-08  -3.314469E-10
  -4.924447E-08  -6.461325E-08  2.788080E+01  -2.877237E-08  -2.700752E-08  1.046838E-08
  -2.646088E-09  -1.870051E-01  1.808762E-07  6.588532E-02  -6.561212E-09  -3.507531E-09
  1.901172E-01  1.773103E-09  3.006321E-09  -6.218281E-09  4.073237E-01  2.115380E-08
  8.890915E-09  -1.068562E-10  2.622275E-08  1.870385E-09  2.071776E-08  2.843790E-03
 6.5546
  1.540573E-01  3.613567E-09  -4.798504E-08  -5.334317E-09  3.511760E-01  -2.470938E-09
  1.143869E-08  7.257396E-01  3.552987E-07  -2.521702E-01  2.931853E-08  4.600082E-10
  -5.093048E-08  -1.572605E-07  3.024331E+01  6.947440E-10  -3.823305E-08  6.843831E-09
  -3.461331E-09  -2.351734E-01  2.476881E-07  8.179253E-02  -7.534142E-09  -4.303134E-09
  2.316505E-01  4.959854E-09  2.907347E-08  -7.859035E-09  5.037927E-01  2.960243E-08
  1.930390E-08  2.366544E-09  5.879565E-08  4.227562E-09  5.035787E-08  4.932320E-03
 6.8891
  1.760835E-01  1.339680E-09  -5.035264E-08  -6.293899E-09  4.159862E-01  -3.747580E-09
  -7.978223E-10  8.986042E-01  -8.428893E-08  -3.082739E-01  -5.187607E-09  3.430533E-09
  -5.167133E-08  -1.826434E-07  3.214547E+01  3.377031E-08  -3.709163E-08  -3.247224E-09
  -4.398567E-09  -2.873498E-01  2.860320E-07  9.876074E-02  -7.970875E-09  -4.664224E-09
  2.741010E-01  7.831690E-09  5.904218E-08  -9.383096E-09  6.148627E-01  3.628447E-08
  2.864424E-08  5.067851E-09  8.721954E-08  5.211883E-09  8.030150E-08  7.847486E-03
 7.2235
  1.933890E-01  -1.964874E-09  -5.432551E-08  -6.454233E-09  4.762104E-01  -5.071064E-09
  -7.134680E-09  1.082911E+00  -4.550284E-07  -3.672119E-01  -3.868517E-08  7.333724E-09
  -4.677187E-08  -1.917687E-07  3.336077E+01  7.100575E-08  -2.353083E-08  -1.909905E-08
  -5.141985E-09  -3.421016E-01  2.836300E-07  1.163170E-01  -6.767046E-09  -5.445954E-09
  3.132203E-01  5.851919E-09  1.088781E-07  -1.127347E-08  7.375336E-01  4.071951E-08
  3.835400E-08  6.582623E-09  1.010663E-07  7.495593E-09  1.140431E-07  1.173124E-02
 7.5580
  2.044009E-01  -4.104057E-09  -5.682147E-08  -6.316082E-09  5.246598E-01  -5.977374E-09
  -1.600006E-08  1.273225E+00  -7.712105E-07  -4.272896E-01  -8.427751E-08  1.111200E-08
  -3.423372E-08  -2.145548E-07  3.369264E+01  1.129496E-07  -6.649158E-09  -3.427863E-08
  -5.290819E-09  -3.978352E-01  2.514272E-07  1.339713E-01  -3.624198E-09  -6.176880E-09
  3.441699E-01  1.802573E-09  1.577334E-07  -1.219922E-08  8.650327E-01  4.100051E-08
  4.336713E-08  6.831577E-09  1.101467E-07  1.023504E-08  1.367611E-07  1.669035E-02
 7.8924
  2.087738E-01  -7.919434E-09  -4.867798E-08  -6.798931E-09  5.545873E-01  -6.938953E-09
  -2.139362E-08  1.463762E+00  -8.828126E-07  -4.867871E-01  -1.082203E-07  1.732182E-08
  -2.120983E-08  -2.064486E-07  3.300601E+01  1.477089E-07  6.488842E-09  -5.232622E-08
  -4.278384E-09  -4.529323E-01  2.017393E-07  1.512636E-01  1.476713E-09  -6.319960E-09
  3.624449E-01  2.766268E-09  2.079700E-07  -1.046959E-08  9.878569E-01  3.691202E-08
  4.505535E-08  9.588564E-09  1.040049E-07  1.446987E-08  1.511196E-07  2.276875E-02
 8.2269
  2.076323E-01  -9.038767E-09  -3.230307E-08  -6.764344E-09  5.608021E-01  -7.338377E-09
  -2.730607E-08  1.649079E+00  -8.958185E-07  -5.440807E-01  -1.336789E-07  2.068715E-08
  -7.183987E-09  -1.440483E-07  3.124929E+01  1.664918E-07  2.811015E-08  -7.385011E-08
  -3.200825E-09  -5.058721E-01  1.510007E-07  1.678096E-01  8.925238E-09  -6.410648E-09
  3.646275E-01  3.841637E-09  2.486956E-07  -7.084044E-09  1.095109E+00  3.077440E-08
  4.129621E-08  1.077667E-08  8.855307E-08  1.577681E-08  1.509607E-07  2.991890E-02
 8.5613
  2.034616E-01  -9.961921E-09  -1.655460E-08  -5.692166E-09  5.406506E-01  -7.111077E-09
  -3.078747E-08  1.825346E+00  -7.914771E-07  -5.978389E-01  -1.521379E-07  2.317024E-08
  7.079398E-09  -3.532587E-08  2.846921E+01  1.663646E-07  3.929206E-08  -9.374996E-08
  -2.382823E-09  -5.554071E-01  9.276506E-08  1.833123E-01  1.521630E-08  -6.519280E-09
  3.490521E-01  4.676297E-09  2.607072E-07  -4.642443E-09  1.175787E+00  2.039624E-08
  3.508482E-08  1.444857E-08  6.899897E-08  1.404899E-08  1.413592E-07  3.799349E-02
 8.8958
  1.989748E-01  -5.144982E-09  5.459963E-09  -4.037641E-09  4.947820E-01  -5.760456E-09
  -3.353547E-08  1.991624E+00  -5.947160E-07  -6.503613E-01  -1.800041E-07  2.472834E-08
  1.669074E-08  6.128169E-08  2.482319E+01  1.658267E-07  3.372364E-08  -1.113532E-07
  -1.269872E-09  -5.995029E-01  3.631656E-08  1.977758E-01  2.131680E-08  -7.234814E-09
  3.162794E-01  1.035467E-08  2.591708E-07  2.591521E-10  1.220095E+00  8.251846E-09
  2.552898E-08  1.338737E-08  5.439833E-08  7.575204E-09  1.227012E-07  4.671962E-02
 9.2303
  1.955555E-01  -4.861205E-09  3.205599E-08  -2.288444E-09  4.270112E-01  -3.024523E-09
  -3.349401E-08  2.172234E+00  -3.305375E-07  -6.986461E-01  -1.632902E-07  2.659570E-08
  2.401030E-08  1.649933E-07  2.058869E+01  1.574697E-07  1.820261E-08  -1.221778E-07
  -5.637784E-10  -6.461585E-01  -2.594008E-08  2.116184E-01  2.810349E-08  -7.945203E-09
  2.689990E-01  1.886112E-08  2.344690E-07  7.249039E-09  1.220813E+00  -4.578915E-09
  1.713437E-08  6.892601E-09  3.669100E-08  -9.142875E-10  1.028615E-07  5.591767E-02
 9.5647
  1.933141E-01  5.418917E-09  5.226989E-08  -2.457977E-10  3.433653E-01  1.792708E-09
  -3.889806E-08  2.249588E+00  -9.172164E-08  -7.400590E-01  -1.347990E-07  2.738794E-08
  2.620414E-08  2.299871E-07  1.614906E+01  1.520757E-07  -9.054995E-09  -1.165888E-07
  1.512502E-10  -6.893936E-01  -7.117916E-08  2.202799E-01  3.232923E-08  -9.006967E-09
  2.113832E-01  2.837379E-08  1.974414E-07  1.586794E-08  1.174236E+00  -1.489014E-08
  7.824486E-09  2.148580E-09  2.267473E-08  -1.340198E-08  7.443860E-08  6.581020E-02
 9.8992
  1.926657E-01  1.437783E-08  5.030059E-08  1.396312E-09  2.518289E-01  6.345693E-09
  -3.378240E-08  2.387661E+00  1.320920E-07  -7.724631E-01  -1.098197E-07  2.654312E-08
  2.498603E-08  2.925513E-07  1.194535E+01  1.253836E-07  -4.133396E-08  -1.125578E-07
  5.266056E-10  -7.243869E-01  -1.013095E-07  2.281617E-01  3.356884E-08  -9.856380E-09
  1.488111E-01  3.635372E-08  1.578450E-07  2.351413E-08  1.081440E+00  -2.240902E-08
  -6.720842E-11  7.481725E-10  1.608799E-08  -2.628029E-08  4.561702E-08  8.117641E-02
 10.2336
  1.946392E-01  1.930291E-08  4.097518E-08  2.203557E-09  1.620983E-01  1.117600E-08
  -3.153463E-08  2.369506E+00  2.991768E-07  -7.943004E-01  -1.065323E-07  2.398890E-08
  2.739418E-08  3.166986E-07  8.363495E+00  9.476015E-08  -7.285295E-08  -9.409519E-08
  8.153320E-10  -7.475246E-01  -1.152476E-07  2.337464E-01  3.207946E-08  -1.127830E-08
  8.782121E-02  5.254437E-08  1.209213E-07  2.971632E-08  9.491694E-01  -2.770453E-08
  -5.909770E-09  3.159204E-09  3.851836E-08  -4.027614E-08  2.345343E-08  7.827362E-02
 10.5681
  2.006076E-01  2.979592E-08  1.808376E-08  2.396285E-09  8.495454E-02  1.523417E-08
  -3.202800E-08  2.144881E+00  4.109282E-07  -8.048545E-01  -9.373005E-08  1.901772E-08
  2.868879E-08  3.310959E-07  5.650388E+00  7.663232E-08  -9.707220E-08  -8.204141E-08
  3.296281E-10  -7.564978E-01  -1.121338E-07  2.423843E-01  2.790573E-08  -1.275568E-08
  3.567352E-02  6.222850E-08  8.424938E-08  2.985720E-08  7.913110E-01  -2.487499E-08
  -7.755454E-09  1.044805E-08  4.455471E-08  -5.155875E-08  1.584446E-09  6.991922E-02
 10.9025
  2.110668E-01  4.952411E-08  -1.039398E-08  2.788382E-09  2.956608E-02  2.064169E-08
  -4.011544E-08  1.852814E+00  6.096715E-07  -8.020828E-01  -8.078228E-08  1.920598E-08
  2.467344E-08  3.767416E-07  3.894616E+00  6.790531E-08  -1.057260E-07  -7.356212E-08
  -2.096524E-10  -7.488401E-01  -1.055136E-07  2.564179E-01  2.335944E-08  -1.281250E-08
  -1.486890E-03  6.854342E-08  5.258288E-08  2.702228E-08  6.280943E-01  -1.832163E-08
  -7.413095E-09  2.212322E-08  4.846606E-08  -6.116377E-08  -1.719602E-08  5.729917E-02
 11.2370
  2.247007E-01  7.763575E-08  -3.751473E-08  2.268450E-09  -2.862948E-04  2.547386E-08
  -4.438768E-08  1.580362E+00  6.817710E-07  -7.922566E-01  -5.323408E-08  2.096748E-08
  1.476345E-08  4.027992E-07  3.051372E+00  7.083277E-08  -9.975977E-08  -5.773612E-08
  -9.606081E-10  -7.292341E-01  -9.295322E-08  2.759355E-01  1.708868E-08  -1.171307E-08
  -2.117517E-02  6.495175E-08  3.765048E-08  2.257576E-08  4.799000E-01  -9.592536E-09
  -7.479116E-09  3.231515E-08  4.304212E-08  -7.135111E-08  -3.411878E-08  5.137114E-02
 11.5714
  2.389861E-01  1.017850E-07  -5.184756E-08  2.884323E-09  -6.562238E-03  2.932600E-08
  -4.400030E-08  1.530732E+00  7.488311E-07  -7.725032E-01  -3.317721E-08  2.261069E-08
  -1.649599E-09  4.045702E-07  2.977906E+00  6.971468E-08  -7.707173E-08  -4.407057E-08
  -1.319398E-09  -6.957947E-01  -8.687325E-08  3.004025E-01  1.046289E-08  -9.285803E-09
  -2.479854E-02  5.268105E-08  3.533088E-08  1.570108E-08  3.607552E-01  -1.894393E-09
  -8.083192E-09  4.745013E-08  3.299594E-08  -7.794953E-08  -4.657487E-08  5.985714E-02
 11.9059
  2.517942E-01  1.231572E-07  -6.295876E-08  4.735001E-09  5.428736E-03  3.278550E-08
  -2.701408E-08  1.893672E+00  7.358574E-07  -7.410094E-01  2.283027E-09  1.922977E-08
  -1.956747E-08  3.407436E-07  3.472001E+00  7.023666E-08  -4.331651E-08  -3.363723E-08
  -1.512257E-09  -6.480165E-01  -8.247698E-08  3.282734E-01  3.322540E-09  -6.742737E-09
  -1.603225E-02  3.006266E-08  4.386084E-08  8.828379E-09  2.772226E-01  6.379235E-09
  -8.184290E-09  6.401005E-08  6.849220E-10  -7.527241E-08  -5.192471E-08  8.420395E-02
 12.2403
  2.629682E-01  1.402439E-07  -5.964526E-08  6.283617E-09  2.895562E-02  3.360836E-08
  2.509334E-09  2.806161E+00  5.753823E-07  -6.987381E-01  4.388188E-08  2.204622E-08
  -4.183240E-08  2.273334E-07  4.311464E+00  6.909432E-08  -1.039117E-08  -3.296720E-08
  -7.603057E-10  -5.880565E-01  -8.639731E-08  3.571892E-01  -3.770479E-09  -2.359189E-09
  5.194604E-04  1.362367E-08  5.109969E-08  4.623620E-09  2.299043E-01  1.434594E-08
  -9.212210E-09  8.808243E-08  -2.310512E-08  -6.660027E-08  -5.911518E-08  1.306753E-01
 12.5748
  2.750338E-01  1.436467E-07  -4.155893E-08  7.271376E-09  5.714595E-02  3.192373E-08
  3.414770E-08  4.321594E+00  3.631694E-07  -6.509097E-01  9.935984E-08  2.721280E-08
  -8.017875E-08  1.319311E-07  5.285330E+00  6.095926E-08  1.954860E-08  -3.893065E-08
  4.475025E-10  -5.218018E-01  -8.873001E-08  3.841428E-01  -1.106150E-08  4.056816E-09
  2.022549E-02  2.319364E-09  6.519821E-08  2.340176E-09  2.149397E-01  2.055305E-08
  -1.234699E-08  1.172344E-07  -4.390449E-08  -5.189689E-08  -6.988611E-08  2.040554E-01
 12.9092
  2.926865E-01  1.399792E-07  -2.044996E-08  9.938350E-09  8.418557E-02  2.919877E-08
  5.749129E-08  6.427344E+00  -1.598888E-09  -6.051088E-01  1.349147E-07  3.347650E-08
  -1.203321E-07  3.270212E-08  6.212375E+00  5.434126E-08  5.355225E-08  -4.989339E-08
  1.253504E-09  -4.574236E-01  -8.468312E-08  4.057873E-01  -1.699713E-08  1.099264E-08
  3.925013E-02  -1.538007E-08  7.286386E-08  -6.787216E-10  2.252288E-01  2.668072E-08
  -1.654201E-08  1.364566E-07  -3.886273E-08  -3.714631E-08  -8.191350E-08  3.054867E-01
 13.2437
  3.207800E-01  1.208100E-07  3.910681E-09  1.330694E-08  1.065039E-01  2.296661E-08
  7.833349E-08  9.055028E+00  -4.008651E-07  -5.695185E-01  1.519157E-07  4.419825E-08
  -1.622417E-07  -3.231322E-08  6.959045E+00  4.781411E-08  6.949353E-08  -6.752348E-08
  2.919875E-09  -4.039552E-01  -8.358875E-08  4.187521E-01  -2.334274E-08  1.823495E-08
  5.532012E-02  -2.886864E-08  7.063501E-08  -2.840265E-09  2.517013E-01  2.700009E-08
  -2.043115E-08  1.411044E-07  -1.109069E-08  -2.041291E-08  -9.021766E-08  4.316534E-01
 13.5782
  3.612876E-01  9.374729E-08  2.801746E-08  1.498558E-08  1.231961E-01  1.544931E-08
  1.011893E-07  1.206789E+01  -8.558669E-07  -5.530344E-01  1.673340E-07  5.955601E-08
  -1.988099E-07  -5.439551E-08  7.457163E+00  4.699471E-08  8.962559E-08  -8.208827E-08
  4.304024E-09  -3.712762E-01  -7.445265E-08  4.198444E-01  -2.766438E-08  2.383081E-08
  6.790053E-02  -3.213076E-08  8.955263E-08  -9.470849E-10  2.848774E-01  2.387711E-08
  -2.620911E-08  1.260548E-07  3.073920E-08  -5.670283E-09  -9.775527E-08  5.751638E-01
 13.9126
  4.124393E-01  4.819563E-08  4.863473E-08  1.431604E-08  1.350060E-01  8.229282E-09
  1.118649E-07  1.524972E+01  -1.301288E-06  -5.523038E-01  1.989704E-07  8.197435E-08
  -2.180159E-07  -4.300224E-08  7.715108E+00  4.784740E-08  1.142067E-07  -9.685060E-08
  4.879319E-09  -3.743356E-01  -7.300226E-08  4.054619E-01  -2.970022E-08  2.772446E-08
  7.749239E-02  -3.125918E-08  1.023281E-07  3.266236E-09  3.164954E-01  1.554616E-08
  -3.134269E-08  1.005372E-07  1.002974E-07  8.967476E-09  -1.072527E-07  7.261104E-01
 14.2471
  4.715604E-01  7.951319E-09  5.171020E-08  1.334192E-08  1.438413E-01  1.313819E-09
  1.125598E-07  1.820095E+01  -1.733269E-06  -5.689896E-01  1.934847E-07  9.624345E-08
  -2.294236E-07  -1.157679E-08  7.778502E+00  4.958922E-08  1.239104E-07  -9.704210E-08
  5.740484E-09  -3.968111E-01  -4.789489E-08  3.702535E-01  -3.307080E-08  2.900295E-08
  8.533520E-02  -2.763694E-08  1.175272E-07  8.209609E-09  3.393006E-01  6.943054E-09
  -3.718465E-08  7.172153E-08  1.986740E-07  2.182936E-08  -1.133576E-07  8.711489E-01
 14.5815
  5.403963E-01  -4.829903E-08  3.210444E-08  1.013007E-08  1.426852E-01  -3.392044E-09
  1.168215E-07  2.041149E+01  -1.946397E-06  -6.039945E-01  1.519340E-07  1.061969E-07
  -2.216880E-07  7.364035E-08  7.745982E+00  3.892628E-08  1.400768E-07  -9.882015E-08
  5.856855E-09  -4.371028E-01  -1.717726E-08  3.258897E-01  -3.602490E-08  2.794689E-08
  8.584675E-02  -1.466700E-08  1.365272E-07  1.134252E-08  3.514696E-01  -1.181186E-09
  -3.844343E-08  3.963017E-08  3.143899E-07  3.309385E-08  -1.118085E-07  9.915855E-01
 14.9160
  6.187695E-01  -1.007705E-07  -3.748681E-09  5.270273E-09  1.456337E-01  -6.835756E-09
  1.085400E-07  2.176282E+01  -1.947869E-06  -6.568641E-01  9.894298E-08  1.076388E-07
  -1.915973E-07  1.891043E-07  7.666444E+00  3.573025E-08  1.558850E-07  -8.004534E-08
  5.133974E-09  -4.926408E-01  1.958738E-08  2.714520E-01  -3.848665E-08  2.334475E-08
  8.930260E-02  6.325472E-09  1.593356E-07  1.213679E-08  3.507222E-01  -9.862494E-09
  -3.764921E-08  -4.266966E-09  4.279872E-07  4.010073E-08  -1.031639E-07  1.044517E+00
 15.2504
  7.074057E-01  -1.342716E-07  -5.350290E-08  3.713087E-10  1.517270E-01  -8.443587E-09
  9.530407E-08  2.206281E+01  -1.722511E-06  -7.257143E-01  6.960491E-08  1.187000E-07
  -1.401921E-07  3.637263E-07  7.562998E+00  3.746844E-08  1.636714E-07  -7.395758E-08
  3.207524E-09  -5.598967E-01  6.265980E-08  2.207771E-01  -3.817217E-08  1.739000E-08
  9.534802E-02  1.779126E-08  1.871507E-07  1.077960E-08  3.418016E-01  -1.044960E-08
  -3.499310E-08  -5.127072E-08  4.923179E-07  4.398297E-08  -9.986427E-08  1.065213E+00
 15.5849
  8.015242E-01  -1.456002E-07  -9.635325E-08  -4.199756E-09  1.684857E-01  -3.748305E-09
  8.797569E-08  2.150905E+01  -1.230049E-06  -8.064587E-01  4.034162E-08  1.225350E-07
  -8.217698E-08  5.644933E-07  7.462312E+00  3.909649E-08  1.888545E-07  -4.722958E-08
  1.661347E-09  -6.341827E-01  9.338846E-08  1.757387E-01  -3.607055E-08  1.068421E-08
  1.089599E-01  2.564883E-08  2.200417E-07  7.720571E-09  3.290965E-01  -1.206770E-08
  -3.224542E-08  -1.008997E-07  5.391428E-07  4.582760E-08  -9.350738E-08  1.043254E+00
 15.9193
  8.983712E-01  -1.407124E-07  -1.236355E-07  -8.972639E-09  1.931100E-01  2.064495E-09
  9.268016E-08  2.018798E+01  -8.826789E-07  -9.004698E-01  3.410929E-08  1.118063E-07
  -1.818742E-08  6.613550E-07  7.358353E+00  3.820373E-08  2.207582E-07  -5.208273E-09
  -1.083431E-10  -7.151559E-01  1.209833E-07  1.378892E-01  -3.297855E-08  3.753470E-09
  1.281943E-01  2.027796E-08  2.572788E-07  2.892009E-09  3.186219E-01  -1.116057E-08
  -2.853453E-08  -1.500569E-07  5.427711E-07  4.432086E-08  -8.093662E-08  9.946944E-01
 16.2538
  9.937046E-01  -1.328365E-07  -1.280235E-07  -1.290517E-08  2.226404E-01  8.403726E-09
  1.005210E-07  1.847104E+01  -4.598302E-07  -9.873142E-01  3.507928E-08  7.642743E-08
  4.043670E-08  6.287608E-07  7.258242E+00  3.429643E-08  2.592677E-07  2.769553E-08
  -9.197780E-10  -7.858994E-01  1.325343E-07  1.094346E-01  -2.865720E-08  -2.767341E-09
  1.506924E-01  1.389658E-08  2.797028E-07  -3.097775E-09  3.120631E-01  -7.803547E-09
  -2.291823E-08  -1.859782E-07  4.804875E-07  4.076965E-08  -5.750165E-08  9.222237E-01
 16.5882
  1.077972E+00  -1.170262E-07  -1.140904E-07  -1.484608E-08  2.547398E-01  1.380402E-08
  1.232859E-07  1.662376E+01  -2.154120E-07  -1.058900E+00  6.117490E-08  2.043806E-08
  9.305658E-08  4.904853E-07  7.171721E+00  3.353584E-08  2.946399E-07  5.166406E-08
  -2.315321E-09  -8.396784E-01  1.350185E-07  9.086793E-02  -2.565895E-08  -8.589205E-09
  1.743374E-01  3.653349E-09  2.906853E-07  -8.830616E-09  3.096942E-01  2.506253E-09
  -1.295031E-08  -2.138512E-07  3.605687E-07  3.925936E-08  -3.129438E-08  8.295994E-01
 16.9227
  1.148333E+00  -9.778408E-08  -7.187717E-08  -1.565093E-08  2.845374E-01  1.269866E-08
  1.502713E-07  1.485700E+01  -7.004869E-08  -1.112584E+00  9.571104E-08  -2.892730E-08
  1.291057E-07  3.122724E-07  7.102841E+00  3.481611E-08  3.215541E-07  6.448797E-08
  -3.326184E-09  -8.745724E-01  1.208573E-07  8.153634E-02  -2.327505E-08  -1.217472E-08
  1.956377E-01  4.598588E-09  2.885181E-07  -1.373554E-08  3.115798E-01  1.466660E-08
  -1.196674E-09  -2.191503E-07  2.337962E-07  3.749291E-08  -9.395187E-09  7.360643E-01
 17.2571
  1.205374E+00  -8.961573E-08  -7.720290E-09  -1.495167E-08  3.069902E-01  7.639540E-09
  1.644170E-07  1.332190E+01  6.978497E-08  -1.150500E+00  1.304708E-07  -8.456541E-08
  1.462682E-07  1.016358E-07  7.055113E+00  3.420487E-08  3.482911E-07  7.444935E-08
  -4.041986E-09  -8.930437E-01  1.100068E-07  7.971557E-02  -2.156841E-08  -1.382910E-08
  2.112818E-01  2.825003E-09  2.769190E-07  -1.914942E-08  3.171873E-01  2.340592E-08
  6.866187E-09  -2.149503E-07  9.998999E-08  3.487580E-08  4.810103E-09  6.541661E-01
 17.5916
  1.250431E+00  -8.472365E-08  7.362319E-08  -1.139956E-08  3.179418E-01  -4.813585E-09
  1.688096E-07  1.215780E+01  1.646287E-07  -1.174349E+00  1.389705E-07  -1.028063E-07
  1.538587E-07  -1.336029E-07  7.024413E+00  4.130739E-08  3.703101E-07  7.968360E-08
  -3.597392E-09  -8.981097E-01  9.767721E-08  8.299350E-02  -1.875644E-08  -1.384873E-08
  2.186376E-01  -1.047842E-08  2.393599E-07  -2.493596E-08  3.255218E-01  3.078947E-08
  1.601039E-08  -2.072277E-07  -2.759884E-08  3.098905E-08  2.095323E-08  5.897807E-01
 17.9261
  1.282560E+00  -8.794392E-08  1.745707E-07  -7.312966E-09  3.152036E-01  -2.120471E-08
  1.784172E-07  1.139521E+01  2.714105E-07  -1.186128E+00  1.309085E-07  -1.210262E-07
  1.461245E-07  -3.553022E-07  6.998642E+00  4.240867E-08  3.752717E-07  5.539573E-08
  -2.325947E-09  -8.933223E-01  7.420005E-08  8.859509E-02  -1.637012E-08  -1.274567E-08
  2.161308E-01  -1.276184E-08  1.938680E-07  -2.913365E-08  3.352833E-01  3.471301E-08
  2.349269E-08  -2.012979E-07  -1.359081E-07  2.816005E-08  3.006862E-08  5.467985E-01
 18.2605
  1.299410E+00  -9.198468E-08  2.807041E-07  -3.049522E-09  2.982261E-01  -3.870991E-08
  1.854862E-07  1.111152E+01  3.664698E-07  -1.187229E+00  1.212612E-07  -1.303806E-07
  1.337295E-07  -6.866560E-07  6.960488E+00  4.221000E-08  3.865275E-07  2.707515E-08
  -2.490627E-09  -8.831782E-01  5.241609E-08  9.345304E-02  -1.323999E-08  -1.290611E-08
  2.030689E-01  -7.341200E-09  1.590129E-07  -3.120187E-08  3.450245E-01  3.824034E-08
  2.751013E-08  -1.854477E-07  -2.241318E-07  2.419648E-08  3.163323E-08  5.249074E-01
 18.5950
  1.300512E+00  -9.710217E-08  3.747020E-07  2.301649E-09  2.668219E-01  -5.794107E-08
  1.719078E-07  1.108912E+01  4.496809E-07  -1.176257E+00  8.098162E-08  -1.602842E-07
  1.182359E-07  -1.053396E-06  6.888461E+00  4.612659E-08  3.801168E-07  6.510177E-09
  -3.043539E-09  -8.703915E-01  3.832067E-08  9.478166E-02  -1.026240E-08  -1.079970E-08
  1.790759E-01  4.878532E-09  1.001882E-07  -3.241659E-08  3.530606E-01  3.499963E-08
  2.962978E-08  -1.635774E-07  -2.492969E-07  2.141068E-08  2.963159E-08  5.249485E-01
 18.9294
  1.288414E+00  -1.020177E-07  4.364104E-07  9.578795E-09  2.204219E-01  -7.629965E-08
  1.504065E-07  1.121207E+01  5.063707E-07  -1.158120E+00  1.537321E-08  -2.051495E-07
  8.352988E-08  -1.424340E-06  6.743329E+00  4.057950E-08  3.438444E-07  -1.132367E-08
  -4.311173E-09  -8.482287E-01  4.279077E-08  9.126984E-02  -9.432938E-09  -9.222285E-09
  1.436583E-01  2.547568E-08  4.470700E-08  -3.450243E-08  3.568091E-01  3.152489E-08
  3.261216E-08  -1.377981E-07  -2.467304E-07  1.903664E-08  3.108607E-08  5.388435E-01
 19.2639
  1.271272E+00  -1.160970E-07  4.739050E-07  1.559891E-08  1.555783E-01  -8.955456E-08
  1.289209E-07  1.130208E+01  6.732346E-07  -1.135841E+00  -5.669948E-08  -2.566262E-07
  5.574910E-08  -1.788298E-06  6.537154E+00  2.960398E-08  3.008419E-07  -3.253016E-08
  -6.924266E-09  -8.231326E-01  4.692334E-08  8.741762E-02  -9.500686E-09  -8.461666E-09
  9.416857E-02  4.505879E-08  -4.517145E-09  -3.596803E-08  3.561690E-01  2.672999E-08
  3.829266E-08  -1.164255E-07  -2.236924E-07  1.625767E-08  3.012882E-08  5.559099E-01
 19.5983
  1.251552E+00  -1.172224E-07  4.761212E-07  2.046391E-08  1.010887E-01  -9.891148E-08
  1.175910E-07  1.168151E+01  8.317991E-07  -1.111404E+00  -1.153909E-07  -2.911120E-07
  4.092116E-08  -2.075913E-06  6.241876E+00  1.028401E-08  2.504855E-07  -5.611039E-08
  -1.152373E-08  -7.965904E-01  5.725030E-08  8.106516E-02  -1.019766E-08  -9.506179E-09
  5.273921E-02  5.635902E-08  -4.231399E-08  -3.642869E-08  3.455928E-01  1.816904E-08
  3.811042E-08  -1.033473E-07  -1.756798E-07  1.258700E-08  2.801254E-08  5.667435E-01
 19.9328
  1.234181E+00  -9.802926E-08  4.508187E-07  2.354914E-08  4.884038E-02  -9.810337E-08
  1.107733E-07  1.201629E+01  1.001986E-06  -1.086835E+00  -1.369414E-07  -2.917777E-07
  4.019346E-08  -2.252779E-06  5.877432E+00  -1.205722E-08  1.962915E-07  -1.069348E-07
  -1.624789E-08  -7.699315E-01  7.178336E-08  7.706718E-02  -1.036285E-08  -9.052575E-09
  1.378464E-02  7.374536E-08  -6.501648E-08  -3.596531E-08  3.282651E-01  1.564457E-08
  3.351554E-08  -9.261578E-08  -1.185480E-07  8.466908E-09  1.956318E-08  5.895679E-01
 20.2672
  1.219490E+00  -7.244630E-08  4.055694E-07  2.511611E-08  1.525509E-02  -8.599708E-08
  1.183359E-07  1.241313E+01  1.053214E-06  -1.062575E+00  -1.429941E-07  -2.884550E-07
  2.943863E-08  -2.323811E-06  5.483775E+00  -3.935328E-08  1.621776E-07  -1.474709E-07
  -1.993487E-08  -7.436196E-01  9.169493E-08  7.258593E-02  -1.066711E-08  -8.641080E-09
  -1.177964E-02  9.046240E-08  -6.818604E-08  -3.494878E-08  3.033058E-01  1.135618E-08
  2.686709E-08  -9.882767E-08  -3.499552E-08  7.140302E-09  1.545005E-08  6.092484E-01
 20.6017
  1.216088E+00  -4.878491E-08  3.462632E-07  2.285533E-08  -5.412964E-03  -6.814757E-08
  1.197007E-07  1.280949E+01  9.587182E-07  -1.038692E+00  -1.263674E-07  -2.892906E-07
  2.027254E-08  -2.313961E-06  5.053178E+00  -6.609748E-08  1.367961E-07  -1.888153E-07
  -2.325220E-08  -7.175019E-01  1.182729E-07  6.803766E-02  -1.053044E-08  -7.817449E-09
  -2.764598E-02  9.390802E-08  -5.583363E-08  -3.162635E-08  2.760550E-01  1.290119E-08
  2.080900E-08  -1.141507E-07  4.333267E-08  4.003703E-09  1.688930E-08  6.294834E-01
 20.9361
  1.224680E+00  -2.639676E-08  2.764114E-07  2.006506E-08  -1.090456E-02  -4.680511E-08
  1.124694E-07  1.324533E+01  8.566442E-07  -1.008084E+00  -9.987219E-08  -2.871409E-07
  9.690715E-09  -2.180014E-06  4.624902E+00  -8.831091E-08  1.198039E-07  -2.396743E-07
  -2.522909E-08  -6.861654E-01  1.462794E-07  6.409185E-02  -1.200539E-08  -5.850681E-09
  -3.247957E-02  1.067916E-07  -3.909972E-08  -2.550942E-08  2.466388E-01  1.700598E-08
  1.434551E-08  -1.308392E-07  1.042673E-07  -3.095629E-09  1.980690E-08  6.433910E-01
 21.2706
  1.238607E+00  -2.702707E-09  2.033854E-07  1.726084E-08  -2.148500E-03  -2.342541E-08
  1.062723E-07  1.364166E+01  6.095261E-07  -9.740879E-01  -5.637175E-08  -2.642424E-07
  3.558061E-09  -1.858091E-06  4.220325E+00  -1.032480E-07  1.204405E-07  -2.752895E-07
  -2.717647E-08  -6.522749E-01  1.791203E-07  6.069740E-02  -1.492365E-08  -3.529974E-09
  -2.673576E-02  8.534311E-08  -8.649505E-10  -1.653158E-08  2.172523E-01  2.505541E-08
  1.116765E-08  -1.472315E-07  1.632066E-07  -8.748800E-09  2.169023E-08  6.508007E-01
 21.6050
  1.261251E+00  1.030976E-08  1.417734E-07  1.269095E-08  1.573814E-02  -5.964536E-09
  1.002161E-07  1.392972E+01  3.506730E-07  -9.390551E-01  -3.335672E-08  -2.024059E-07
  -6.555952E-09  -1.321750E-06  3.852020E+00  -1.130276E-07  1.298520E-07  -2.768265E-07
  -2.775527E-08  -6.176152E-01  2.183746E-07  5.786501E-02  -1.725899E-08  -1.093355E-09
  -1.416242E-02  4.727414E-08  3.300937E-08  -2.569367E-09  1.897210E-01  2.708862E-08
  6.064113E-09  -1.331864E-07  2.287731E-07  -1.487105E-08  2.136400E-08  6.554864E-01
 21.9395
  1.295028E+00  5.571470E-09  9.553935E-08  7.184101E-09  3.767168E-02  5.889368E-09
  1.019490E-07  1.404858E+01  1.782237E-07  -9.053158E-01  -1.724857E-08  -1.069088E-07
  -1.501647E-08  -6.800357E-07  3.510591E+00  -1.221299E-07  1.432559E-07  -2.755784E-07
  -2.589939E-08  -5.839463E-01  2.584650E-07  5.555887E-02  -1.793952E-08  4.645747E-09
  2.785893E-03  -1.038044E-08  6.862137E-08  1.005843E-08  1.655655E-01  2.691833E-08
  -2.313201E-10  -1.313925E-07  2.728580E-07  -2.452721E-08  1.794481E-08  6.553993E-01
 22.2740
  1.333321E+00  -8.971804E-09  6.779168E-08  2.238340E-09  5.976263E-02  1.565117E-08
  1.100108E-07  1.395881E+01  4.578153E-08  -8.739284E-01  -1.273321E-08  5.051913E-08
  -2.243818E-08  3.154055E-08  3.201280E+00  -1.149481E-07  1.549915E-07  -2.587177E-07
  -2.181542E-08  -5.519576E-01  2.764026E-07  5.380378E-02  -1.522720E-08  9.588537E-09
  2.126300E-02  -8.119667E-08  9.524948E-08  2.420587E-08  1.455067E-01  3.142002E-08
  -3.282684E-09  -1.297172E-07  2.769639E-07  -3.012764E-08  1.784463E-08  6.478855E-01
 22.6084
  1.368681E+00  -2.303687E-08  6.288268E-08  -2.573952E-09  7.811458E-02  2.323813E-08
  1.213028E-07  1.359715E+01  -8.262174E-08  -8.471937E-01  -9.522629E-09  1.723091E-07
  -2.725631E-08  6.350043E-07  2.930000E+00  -1.025774E-07  1.573657E-07  -2.515016E-07
  -1.695629E-08  -5.230084E-01  2.761303E-07  5.261130E-02  -8.329985E-09  1.334419E-08
  3.815410E-02  -1.356404E-07  1.153415E-07  3.868044E-08  1.301343E-01  3.883908E-08
  -3.251489E-09  -1.186186E-07  2.755495E-07  -3.273072E-08  1.664271E-08  6.360159E-01
 22.9429
  1.394467E+00  -2.379821E-08  6.359113E-08  -4.453064E-09  9.008657E-02  2.905273E-08
  1.287049E-07  1.310269E+01  -1.757714E-07  -8.252274E-01  -1.707243E-08  2.998980E-07
  -2.766760E-08  1.007375E-06  2.697308E+00  -7.879023E-08  1.555486E-07  -1.948749E-07
  -1.171323E-08  -4.982647E-01  2.711611E-07  5.172207E-02  1.824528E-09  1.486937E-08
  5.085809E-02  -1.867368E-07  1.112436E-07  5.113635E-08  1.193228E-01  4.463036E-08
  -4.068038E-10  -7.232534E-08  2.452844E-07  -3.274787E-08  2.199514E-08  6.209359E-01
 23.2773
  1.406814E+00  -2.742919E-08  5.299901E-08  -3.936428E-09  9.394443E-02  2.606110E-08
  1.309519E-07  1.233993E+01  -2.207733E-07  -8.080103E-01  -4.397683E-08  3.400720E-07
  -2.107086E-08  1.451149E-06  2.497459E+00  -4.715592E-08  1.578722E-07  -8.856649E-08
  -5.999818E-09  -4.777936E-01  2.580351E-07  5.077990E-02  1.229654E-08  1.777404E-08
  5.744803E-02  -2.386096E-07  8.155621E-08  6.011065E-08  1.122422E-01  3.882861E-08
  4.333977E-09  -3.054896E-08  2.175630E-07  -2.985970E-08  2.906404E-08  6.078802E-01
 23.6118
  1.402698E+00  -6.655220E-08  3.206484E-08  -3.236979E-09  8.979856E-02  1.350899E-08
  1.285652E-07  1.164303E+01  -1.851157E-07  -7.955070E-01  -7.194000E-08  3.396324E-07
  -9.215104E-09  1.633191E-06  2.320014E+00  -2.091600E-08  1.599897E-07  2.429168E-09
  -3.656682E-10  -4.611758E-01  2.330246E-07  4.912651E-02  2.132800E-08  1.543123E-08
  5.720736E-02  -2.812110E-07  4.948288E-08  6.257846E-08  1.076657E-01  3.330797E-08
  1.267536E-08  2.737900E-08  1.510132E-07  -2.324985E-08  3.238506E-08  5.925285E-01
 23.9462
  1.384871E+00  -9.898304E-08  2.268142E-08  -1.909108E-09  8.045537E-02  3.802260E-10
  1.394635E-07  1.103159E+01  -4.307730E-08  -7.859122E-01  -8.913717E-08  2.592050E-07
  2.513689E-08  1.560794E-06  2.170070E+00  1.228753E-08  1.654757E-07  8.170937E-08
  3.162198E-09  -4.470436E-01  2.026126E-07  4.688959E-02  2.952300E-08  9.657409E-09
  5.189758E-02  -3.141321E-07  8.081963E-09  6.355676E-08  1.046328E-01  2.687566E-08
  2.397540E-08  5.373465E-08  6.847454E-08  -1.294411E-08  3.672945E-08  5.763474E-01
 24.2807
  1.352851E+00  -1.067453E-07  -1.267026E-09  2.491295E-10  7.573015E-02  -1.219757E-08
  1.591840E-07  1.049122E+01  1.753037E-07  -7.796874E-01  -5.532862E-08  1.694862E-07
  7.933403E-08  1.445643E-06  2.033809E+00  4.199091E-08  1.845972E-07  1.272498E-07
  4.837428E-09  -4.335770E-01  1.652506E-07  4.419730E-02  3.621676E-08  3.674752E-09
  4.930446E-02  -3.162420E-07  -2.940010E-08  5.926594E-08  1.010156E-01  1.452464E-08
  2.971267E-08  8.287471E-08  -4.865146E-09  1.060030E-10  4.225968E-08  5.606077E-01
 24.6151
  1.310621E+00  -1.347851E-07  -2.470555E-08  2.047292E-09  6.803147E-02  -2.292172E-08
  1.648588E-07  1.009226E+01  4.347342E-07  -7.735765E-01  9.180522E-09  2.451344E-08
  1.348606E-07  1.249462E-06  1.921542E+00  7.335456E-08  2.234435E-07  1.217577E-07
  6.290511E-09  -4.195218E-01  1.219525E-07  4.111815E-02  3.878940E-08  -5.810017E-09
  4.315528E-02  -3.124930E-07  -5.470766E-08  5.348547E-08  9.856149E-02  5.144144E-10
  3.476127E-08  6.051511E-08  -7.854798E-08  1.456277E-08  4.457142E-08  5.472151E-01
 24.9496
  1.263802E+00  -1.715198E-07  -5.635282E-08  4.238776E-09  6.516056E-02  -3.344949E-08
  1.528573E-07  9.929262E+00  6.197719E-07  -7.629728E-01  7.346309E-08  -1.885477E-07
  1.786821E-07  1.069445E-06  1.833779E+00  9.473128E-08  2.869698E-07  1.328412E-07
  6.878510E-09  -4.047526E-01  8.738885E-08  3.775536E-02  3.646928E-08  -2.161149E-08
  3.861877E-02  -2.535028E-07  -6.614479E-08  4.575043E-08  9.599481E-02  -2.015153E-08
  4.189999E-08  -3.963871E-08  -1.347014E-07  2.906156E-08  5.393779E-08  5.354502E-01
 25.2840
  1.221471E+00  -1.933906E-07  -9.415660E-08  7.132049E-09  6.133314E-02  -4.359419E-08
  1.006491E-07  9.960332E+00  8.280808E-07  -7.487394E-01  1.516471E-07  -5.073013E-07
  2.282767E-07  8.320508E-07  1.755451E+00  1.141304E-07  3.571897E-07  1.563277E-07
  6.170434E-09  -3.890559E-01  6.135741E-08  3.426880E-02  2.900287E-08  -3.774120E-08
  3.236338E-02  -2.400272E-07  -7.792789E-08  3.730033E-08  9.456277E-02  -3.714507E-08
  4.423043E-08  -2.244335E-07  -1.900586E-07  3.934154E-08  6.373374E-08  5.251185E-01
 25.6185
  1.186325E+00  -2.050153E-07  -1.336060E-07  1.164927E-08  5.811795E-02  -5.605445E-08
  2.040417E-08  1.010360E+01  9.571650E-07  -7.325968E-01  2.191169E-07  -8.655631E-07
  2.639287E-07  5.273816E-07  1.693018E+00  1.251786E-07  4.209632E-07  1.852839E-07
  3.881913E-09  -3.722098E-01  4.395491E-08  3.080621E-02  1.783494E-08  -5.277834E-08
  2.637190E-02  -2.564573E-07  -8.709672E-08  2.965374E-08  9.232673E-02  -5.077035E-08
  4.019736E-08  -4.695920E-07  -2.309744E-07  4.530704E-08  7.164258E-08  5.166201E-01
 25.9529
  1.159267E+00  -2.318983E-07  -1.701895E-07  1.473243E-08  5.434115E-02  -7.036490E-08
  -8.072753E-08  1.027013E+01  1.018607E-06  -7.162798E-01  2.598239E-07  -1.231123E-06
  2.871499E-07  2.928031E-07  1.638065E+00  1.404267E-07  4.847396E-07  2.231081E-07
  -3.173906E-10  -3.536325E-01  3.001783E-08  2.755654E-02  3.713969E-09  -6.583605E-08
  2.056442E-02  -3.348560E-07  -7.306701E-08  2.413013E-08  8.946834E-02  -6.134525E-08
  3.548640E-08  -7.927281E-07  -2.522305E-07  4.807942E-08  7.514760E-08  5.109370E-01
 26.2874
  1.144497E+00  -2.900512E-07  -2.040609E-07  1.543229E-08  5.042131E-02  -8.799502E-08
  -1.666450E-07  1.037242E+01  9.276348E-07  -7.015208E-01  2.499916E-07  -1.577492E-06
  2.784743E-07  4.863330E-08  1.573875E+00  1.568649E-07  4.983554E-07  2.466397E-07
  -3.086760E-09  -3.327230E-01  2.957497E-08  2.469390E-02  -9.068169E-09  -7.280703E-08
  1.479099E-02  -3.970781E-07  -7.015259E-08  2.304068E-08  8.517309E-02  -7.430008E-08
  2.786623E-08  -1.146593E-06  -2.851805E-07  4.564992E-08  7.053336E-08  5.058005E-01
 26.6218
  1.144173E+00  -3.583546E-07  -2.388022E-07  1.514606E-08  4.585570E-02  -1.012491E-07
  -2.286663E-07  1.033762E+01  7.362447E-07  -6.894375E-01  2.531400E-07  -1.842267E-06
  2.478484E-07  -2.964205E-07  1.467361E+00  1.752539E-07  4.706852E-07  2.211713E-07
  -4.340034E-09  -3.130325E-01  1.462141E-08  2.234616E-02  -2.030785E-08  -7.051530E-08
  1.057532E-02  -4.461179E-07  -6.004734E-08  1.900423E-08  7.975309E-02  -7.214106E-08
  1.770771E-08  -1.546734E-06  -2.895221E-07  3.561248E-08  6.070147E-08  5.008638E-01
 26.9563
  1.148799E+00  -4.301532E-07  -2.682556E-07  1.507353E-08  4.090727E-02  -9.817769E-08
  -2.836024E-07  1.015635E+01  3.351055E-07  -6.805236E-01  2.639237E-07  -2.006488E-06
  2.065941E-07  -7.531262E-07  1.350338E+00  1.988168E-07  4.086229E-07  1.859487E-07
  -6.594933E-09  -2.932364E-01  -1.687000E-08  2.037169E-02  -2.493425E-08  -6.867660E-08
  7.575246E-03  -4.751053E-07  -4.813957E-08  2.177778E-08  7.311354E-02  -5.255557E-08
  6.209629E-09  -1.907364E-06  -3.214568E-07  2.739221E-08  5.494155E-08  4.957067E-01
 27.2908
  1.155957E+00  -4.515180E-07  -2.897952E-07  1.526759E-08  3.512043E-02  -9.373255E-08
  -3.139573E-07  9.782115E+00  -1.880909E-07  -6.759276E-01  2.853855E-07  -2.067514E-06
  1.428660E-07  -1.360083E-06  1.245953E+00  2.138969E-07  3.064512E-07  1.244559E-07
  -8.029771E-09  -2.776311E-01  -4.901073E-08  1.890394E-02  -2.302815E-08  -6.020008E-08
  5.160295E-03  -4.674182E-07  -5.714034E-08  2.756355E-08  6.637677E-02  -2.441114E-08
  -2.435739E-09  -2.150551E-06  -3.751600E-07  1.594400E-08  4.783369E-08  4.918704E-01
 27.6252
  1.160129E+00  -4.235800E-07  -3.063505E-07  1.682397E-08  3.045246E-02  -7.802401E-08
  -3.058604E-07  9.246425E+00  -7.021723E-07  -6.746717E-01  2.895889E-07  -1.989586E-06
  7.322975E-08  -2.004586E-06  1.148060E+00  2.263130E-07  1.854835E-07  6.565197E-08
  -7.349211E-09  -2.649699E-01  -7.871938E-08  1.793543E-02  -1.647427E-08  -4.850081E-08
  3.267763E-03  -4.487088E-07  -8.428948E-08  3.383592E-08  6.007158E-02  5.351880E-09
  -1.190643E-08  -2.278421E-06  -4.281736E-07  3.319614E-09  3.844446E-08  4.886095E-01
 27.9597
  1.157614E+00  -4.007897E-07  -3.233288E-07  1.774632E-08  2.847869E-02  -6.845408E-08
  -2.693208E-07  8.511918E+00  -1.127300E-06  -6.757038E-01  2.971729E-07  -1.858846E-06
  1.642215E-08  -2.392919E-06  1.056372E+00  2.282527E-07  6.979695E-08  -3.171913E-08
  -4.357243E-09  -2.530907E-01  -1.087195E-07  1.739921E-02  -8.016972E-09  -3.221072E-08
  1.911014E-03  -3.932703E-07  -1.043417E-07  4.036604E-08  5.456773E-02  3.461656E-08
  -2.071234E-08  -2.317936E-06  -4.655407E-07  -8.760299E-09  1.784493E-08  4.854033E-01
 28.2941
  1.146858E+00  -3.750520E-07  -3.361521E-07  1.786779E-08  3.110526E-02  -5.765169E-08
  -2.019049E-07  7.757078E+00  -1.435263E-06  -6.777722E-01  3.160319E-07  -1.614898E-06
  1.282385E-08  -2.956867E-06  9.778490E-01  2.231165E-07  -5.189025E-08  -2.057100E-07
  -2.232467E-09  -2.409234E-01  -1.254480E-07  1.706527E-02  1.769914E-09  -1.209037E-08
  1.051997E-03  -2.366391E-07  -1.067133E-07  4.446698E-08  4.990010E-02  7.923657E-08
  -2.488741E-08  -2.213424E-06  -5.001897E-07  -1.658769E-08  -9.603772E-09  4.794180E-01
 28.6286
  1.130903E+00  -2.690485E-07  -3.250567E-07  2.053709E-08  3.752633E-02  -2.876890E-08
  -1.174437E-07  6.938858E+00  -1.633226E-06  -6.783300E-01  3.715832E-07  -1.320672E-06
  1.653046E-08  -3.343366E-06  9.168079E-01  2.189769E-07  -1.624751E-07  -3.745189E-07
  -2.277647E-09  -2.288477E-01  -1.165472E-07  1.703222E-02  1.213625E-08  1.227592E-08
  2.068742E-04  -3.442487E-08  -1.042466E-07  4.882502E-08  4.620909E-02  1.225876E-07
  -2.790484E-08  -1.978667E-06  -5.136558E-07  -2.045250E-08  -3.291752E-08  4.727906E-01
 28.9630
  1.108568E+00  -1.602663E-07  -3.078366E-07  2.305110E-08  4.685742E-02  7.356632E-09
  -3.775821E-08  6.149409E+00  -1.626824E-06  -6.752518E-01  4.831198E-07  -9.188411E-07
  3.551390E-08  -3.386407E-06  8.709250E-01  2.032616E-07  -2.209442E-07  -5.729157E-07
  -2.061922E-09  -2.175051E-01  -1.115819E-07  1.787583E-02  1.852796E-08  3.662448E-08
  -1.101181E-03  2.088014E-07  -7.457849E-08  4.735205E-08  4.421267E-02  1.596133E-07
  -3.511847E-08  -1.550394E-06  -4.837548E-07  -2.132565E-08  -5.445806E-08  4.649063E-01
 29.2975
  1.082178E+00  -1.132933E-07  -2.887889E-07  2.498221E-08  5.900217E-02  4.675863E-08
  3.889141E-08  5.606886E+00  -1.585341E-06  -6.594135E-01  5.667518E-07  -5.454690E-07
  8.938562E-08  -3.263811E-06  8.391169E-01  1.788338E-07  -2.220282E-07  -7.620734E-07
  -3.050139E-09  -2.054632E-01  -9.497543E-08  1.895799E-02  1.874609E-08  5.222800E-08
  -2.836245E-03  4.487113E-07  -2.488153E-08  4.648802E-08  4.402968E-02  1.834278E-07
  -3.685995E-08  -1.094814E-06  -4.186015E-07  -2.041429E-08  -6.979588E-08  4.566839E-01
 29.6319
  1.055025E+00  -4.009349E-08  -2.735604E-07  2.698895E-08  7.263370E-02  8.561892E-08
  9.129221E-08  5.372694E+00  -1.529688E-06  -6.295156E-01  6.434437E-07  -2.452272E-07
  1.322638E-07  -2.916544E-06  8.299968E-01  1.415715E-07  -1.872570E-07  -8.597371E-07
  -5.778773E-09  -1.878194E-01  -4.127609E-08  1.957434E-02  1.623897E-08  6.402655E-08
  -4.706040E-03  6.784867E-07  2.584632E-08  4.018633E-08  4.519270E-02  1.937218E-07
  -3.617296E-08  -6.677507E-07  -3.555404E-07  -1.873883E-08  -6.889572E-08  4.446366E-01
 29.9664
  1.028896E+00  5.195041E-08  -2.532453E-07  2.975194E-08  8.565226E-02  1.203134E-07
  7.559794E-08  5.291353E+00  -1.356529E-06  -5.927454E-01  7.267284E-07  -5.186952E-08
  1.967232E-07  -2.505003E-06  8.317200E-01  9.855420E-08  -1.376216E-07  -9.034079E-07
  -1.134085E-08  -1.698601E-01  1.663900E-08  1.966539E-02  1.194860E-08  7.896133E-08
  -6.696144E-03  8.031469E-07  7.250325E-08  3.123823E-08  4.769598E-02  1.973208E-07
  -3.836390E-08  -3.066055E-07  -3.024383E-07  -1.462941E-08  -6.400119E-08  4.301552E-01
 30.3008
  1.004631E+00  1.015815E-07  -2.323984E-07  2.972415E-08  9.630277E-02  1.472573E-07
  1.215946E-08  5.298977E+00  -1.147604E-06  -5.521504E-01  7.601588E-07  1.080074E-07
  2.434649E-07  -1.904052E-06  8.145891E-01  5.230123E-08  -8.585621E-08  -8.890336E-07
  -2.023541E-08  -1.584943E-01  7.237729E-08  1.898793E-02  5.261856E-09  8.952910E-08
  -8.707301E-03  8.699499E-07  1.261425E-07  2.191896E-08  5.082310E-02  1.831844E-07
  -4.194916E-08  8.148494E-09  -2.266891E-07  -8.617112E-09  -5.476964E-08  4.166988E-01
 30.6353
  9.825894E-01  6.320676E-08  -2.203708E-07  2.661837E-08  1.045761E-01  1.645372E-07
  -6.567285E-08  5.346122E+00  -9.445102E-07  -5.107910E-01  7.333905E-07  2.410374E-07
  2.619006E-07  -9.414660E-07  7.495913E-01  1.234113E-08  -3.002247E-08  -8.841672E-07
  -2.681694E-08  -1.604981E-01  1.129398E-07  1.731908E-02  -6.880804E-09  9.871789E-08
  -1.054594E-02  9.083522E-07  1.780183E-07  1.186561E-08  5.349799E-02  1.462371E-07
  -3.559075E-08  2.369304E-07  -1.373612E-07  -3.711973E-09  -4.792691E-08  4.039767E-01
 30.9697
  9.630789E-01  -4.780969E-08  -2.187580E-07  2.136358E-08  1.110233E-01  1.743844E-07
  -1.215105E-07  5.395365E+00  -9.085101E-07  -4.714500E-01  6.677640E-07  3.731808E-07
  2.369652E-07  -4.361298E-08  6.056260E-01  -1.145656E-08  -4.098110E-09  -8.743356E-07
  -3.023660E-08  -1.823565E-01  1.425712E-07  1.439711E-02  -1.697769E-08  1.056617E-07
  -1.183262E-02  9.425909E-07  1.819150E-07  5.270719E-09  5.431922E-02  9.975115E-08
  -2.124947E-08  4.298203E-07  -4.669613E-08  -3.935654E-10  -3.839291E-08  3.893964E-01
 31.3042
  9.464809E-01  -1.777290E-07  -2.353532E-07  1.496474E-08  1.141549E-01  1.801987E-07
  -1.787521E-07  5.440841E+00  -8.973537E-07  -4.360595E-01  6.099156E-07  5.324214E-07
  2.052411E-07  8.336439E-07  3.790169E-01  -2.713236E-08  1.713757E-08  -8.403740E-07
  -3.702827E-08  -2.308968E-01  1.342751E-07  9.956565E-03  -2.822769E-08  1.040729E-07
  -1.231751E-02  9.368840E-07  1.740510E-07  -2.837457E-09  5.246158E-02  6.777635E-08
  -3.731667E-09  5.902175E-07  6.309612E-08  -1.235895E-09  -2.212002E-08  3.736834E-01
 31.6387
  9.288707E-01  -3.472006E-07  -2.379933E-07  9.158850E-09  1.133294E-01  1.803638E-07
  -2.376950E-07  5.504555E+00  -9.795552E-07  -4.067778E-01  5.471897E-07  6.748522E-07
  1.987165E-07  1.572196E-06  1.029977E-01  -4.245463E-08  2.794780E-08  -7.845430E-07
  -4.865921E-08  -3.006901E-01  1.009665E-07  3.820173E-03  -3.122017E-08  9.121782E-08
  -1.267946E-02  8.934998E-07  1.567204E-07  -4.920100E-09  4.757147E-02  4.108684E-08
  1.861825E-08  7.221137E-07  1.003255E-07  -1.611022E-09  1.165347E-09  3.570710E-01
 31.9731
  9.111589E-01  -5.018639E-07  -2.416311E-07  4.927068E-09  1.095889E-01  1.591311E-07
  -2.594281E-07  5.474561E+00  -9.413083E-07  -3.869599E-01  4.612565E-07  8.381972E-07
  1.676606E-07  2.202546E-06  -2.150566E-01  -5.568684E-08  2.548896E-08  -7.401266E-07
  -5.733416E-08  -3.929531E-01  4.620195E-08  -3.250033E-03  -3.189834E-08  7.879177E-08
  -1.290680E-02  8.194360E-07  1.071494E-07  -3.304485E-09  4.000045E-02  1.589139E-08
  4.484910E-08  8.216597E-07  9.041593E-08  -4.570515E-09  1.747300E-08  3.401155E-01
 32.3076
  8.909832E-01  -6.638608E-07  -2.387402E-07  4.261327E-10  1.041194E-01  1.268596E-07
  -2.266285E-07  5.329896E+00  -8.147005E-07  -3.773550E-01  3.455717E-07  1.007501E-06
  1.677290E-07  2.642610E-06  -5.856879E-01  -6.217244E-08  2.101537E-08  -7.443621E-07
  -6.589343E-08  -4.935930E-01  -1.314669E-08  -1.072132E-02  -2.980403E-08  5.896470E-08
  -1.271531E-02  6.983933E-07  5.417327E-08  1.753692E-09  2.986788E-02  -1.727704E-08
  6.527470E-08  8.246808E-07  1.089695E-07  -8.782968E-09  2.629746E-08  3.227762E-01
 32.6420
  8.688224E-01  -8.428571E-07  -2.272732E-07  -4.227527E-09  9.760084E-02  7.201682E-08
  -1.704309E-07  5.084066E+00  -6.737186E-07  -3.773468E-01  2.344895E-07  1.152229E-06
  2.237304E-07  3.046545E-06  -9.715111E-01  -6.349348E-08  7.549955E-09  -7.784729E-07
  -7.159021E-08  -5.919804E-01  -7.447988E-08  -1.800277E-02  -2.712198E-08  3.739088E-08
  -1.192720E-02  5.973345E-07  7.094215E-10  8.679860E-09  1.718855E-02  -3.817896E-08
  8.164905E-08  7.800186E-07  1.223438E-07  -1.290675E-08  2.699863E-08  3.042982E-01
 32.9765
  8.460128E-01  -9.620006E-07  -2.088429E-07  -7.348116E-09  9.143566E-02  1.909503E-08
  -8.434234E-08  4.773869E+00  -5.310049E-07  -3.851999E-01  1.366942E-07  1.267821E-06
  3.479806E-07  3.187655E-06  -1.325888E+00  -4.568136E-08  3.637200E-09  -7.857892E-07
  -7.557133E-08  -6.793565E-01  -1.138909E-07  -2.450067E-02  -2.261420E-08  2.071261E-08
  -1.082248E-02  5.443654E-07  -3.577517E-08  1.607179E-08  2.248859E-03  -3.356288E-08
  9.108602E-08  7.328471E-07  1.541322E-07  -1.536579E-08  2.716779E-08  2.860466E-01
 33.3109
  8.236832E-01  -9.918754E-07  -1.601502E-07  -9.193252E-09  8.437802E-02  -2.402369E-08
  9.493622E-09  4.453432E+00  -3.767511E-07  -3.966513E-01  6.909993E-08  1.341419E-06
  4.113554E-07  3.174800E-06  -1.613884E+00  -1.224941E-08  3.230733E-08  -7.095823E-07
  -7.418324E-08  -7.466036E-01  -1.362483E-07  -2.923724E-02  -1.806974E-08  4.336578E-09
  -1.016120E-02  4.259031E-07  -7.280666E-08  2.290972E-08  -1.343561E-02  -2.187127E-08
  8.605721E-08  7.470581E-07  2.031136E-07  -1.778860E-08  2.953118E-08  2.689939E-01
 33.6454
  8.008034E-01  -1.005797E-06  -1.249328E-07  -9.272202E-09  7.695383E-02  -6.223871E-08
  1.386531E-07  4.232285E+00  -2.265019E-07  -4.067617E-01  6.201781E-08  1.314475E-06
  4.880698E-07  2.967076E-06  -1.804491E+00  3.083022E-08  9.731916E-08  -6.290922E-07
  -6.783246E-08  -7.817310E-01  -1.475203E-07  -3.100861E-02  -1.234354E-08  -1.137808E-08
  -9.680582E-03  3.231056E-07  -8.429288E-08  2.855028E-08  -2.794599E-02  7.500685E-09
  6.858617E-08  7.517262E-07  2.778975E-07  -1.972904E-08  3.378955E-08  2.526612E-01
 33.9798
  7.786639E-01  -9.686886E-07  -5.896896E-08  -1.041075E-08  6.911065E-02  -9.290556E-08
  2.964438E-07  4.139264E+00  -2.687701E-07  -4.108998E-01  4.536594E-08  1.162865E-06
  5.521273E-07  2.481622E-06  -1.859186E+00  8.536447E-08  1.728709E-07  -4.635926E-07
  -5.513193E-08  -7.713037E-01  -1.267779E-07  -3.112114E-02  -3.827814E-09  -1.785195E-08
  -9.004753E-03  2.062098E-07  -8.219568E-08  3.664034E-08  -4.018939E-02  3.440820E-08
  4.361941E-08  6.256329E-07  3.335636E-07  -2.087933E-08  4.307564E-08  2.391767E-01
 34.3143
  7.577811E-01  -8.140066E-07  1.483173E-08  -9.223659E-09  6.017769E-02  -1.178488E-07
  4.164535E-07  4.119465E+00  -4.271188E-07  -4.100423E-01  8.028264E-08  8.987627E-07
  5.224317E-07  1.842408E-06  -1.751995E+00  1.354720E-07  2.383556E-07  -2.523260E-07
  -4.032681E-08  -7.086134E-01  -6.691327E-08  -2.969402E-02  7.773166E-09  -1.121300E-08
  -8.125085E-03  1.024855E-07  -7.478475E-08  4.326126E-08  -4.911318E-02  5.985791E-08
  1.549107E-08  4.149613E-07  2.962038E-07  -2.099064E-08  5.772578E-08  2.264153E-01
 34.6487
  7.376499E-01  -5.795384E-07  1.032221E-07  -7.746510E-09  5.064648E-02  -1.347826E-07
  4.560764E-07  4.114676E+00  -5.368324E-07  -4.055120E-01  1.383556E-07  6.052824E-07
  4.730114E-07  1.146496E-06  -1.518093E+00  1.808224E-07  2.899793E-07  -3.370886E-08
  -2.492099E-08  -6.143937E-01  -1.671468E-08  -2.623617E-02  1.737886E-08  7.714165E-09
  -7.419664E-03  1.459985E-08  -4.668495E-08  4.833346E-08  -5.295871E-02  8.171841E-08
  -1.755124E-08  1.835613E-07  2.592035E-07  -1.871770E-08  6.810479E-08  2.171644E-01
 34.9832
  7.182850E-01  -3.140445E-07  1.883155E-07  -1.099360E-08  4.146148E-02  -1.439958E-07
  4.576109E-07  4.156775E+00  -6.541527E-07  -3.948702E-01  1.967605E-07  2.944410E-07
  3.341644E-07  7.602322E-07  -1.207567E+00  2.255135E-07  3.107439E-07  2.045314E-07
  -4.748910E-09  -5.033765E-01  4.081035E-08  -2.130274E-02  2.265177E-08  2.707706E-08
  -6.984194E-03  -6.698769E-08  -1.774370E-08  5.080224E-08  -5.209590E-02  8.546794E-08
  -5.413831E-08  -1.342410E-08  2.174218E-07  -1.499630E-08  7.653894E-08  2.138020E-01
 35.3176
  6.998131E-01  -6.073945E-08  2.588096E-07  -9.599178E-09  3.351923E-02  -1.385882E-07
  4.373003E-07  4.225877E+00  -7.829706E-07  -3.787296E-01  2.548648E-07  1.234129E-08
  1.131109E-07  6.801005E-07  -8.693745E-01  2.660825E-07  3.069031E-07  3.843797E-07
  2.304121E-08  -3.895595E-01  8.360030E-08  -1.550322E-02  2.530722E-08  4.833465E-08
  -7.014538E-03  -9.146952E-08  -9.675457E-09  5.141845E-08  -4.746716E-02  7.730769E-08
  -7.504815E-08  -1.621260E-07  1.597407E-07  -1.017703E-08  8.292574E-08  2.124476E-01
 35.6521
  6.819983E-01  2.011358E-07  2.925258E-07  -6.321931E-09  2.726996E-02  -1.214346E-07
  3.705173E-07  4.305675E+00  -8.874429E-07  -3.579897E-01  3.232043E-07  -2.248232E-07
  -1.311182E-07  6.223456E-07  -5.389995E-01  3.052701E-07  2.733731E-07  5.814890E-07
  4.544747E-08  -2.855595E-01  1.122210E-07  -9.636582E-03  2.901469E-08  6.263963E-08
  -7.567744E-03  -7.860650E-08  -2.286416E-08  5.039902E-08  -4.046154E-02  7.895949E-08
  -8.629283E-08  -2.244693E-07  9.198585E-08  -6.198692E-09  9.188564E-08  2.123944E-01
 35.9866
  6.646137E-01  4.424413E-07  2.662351E-07  -2.580543E-09  2.244504E-02  -9.642859E-08
  2.541217E-07  4.391750E+00  -8.316101E-07  -3.345784E-01  3.897726E-07  -4.184603E-07
  -3.409335E-07  7.668591E-07  -2.356403E-01  3.260531E-07  2.202210E-07  7.627378E-07
  5.769550E-08  -1.999810E-01  1.144277E-07  -4.379722E-03  3.052062E-08  6.503550E-08
  -8.561586E-03  -3.976657E-08  -2.432281E-08  4.528147E-08  -3.197401E-02  8.645958E-08
  -9.234684E-08  -2.123610E-07  1.112621E-08  -4.761154E-09  1.013988E-07  2.137235E-01
 36.3210
  6.472982E-01  5.984951E-07  1.829152E-07  8.630442E-10  1.895491E-02  -7.098596E-08
  1.197843E-07  4.465244E+00  -6.406955E-07  -3.111401E-01  4.320578E-07  -5.677267E-07
  -4.839879E-07  9.899102E-07  2.068126E-02  3.253265E-07  1.473355E-07  8.814029E-07
  6.120463E-08  -1.354559E-01  9.625379E-08  -1.518070E-04  3.335825E-08  5.688215E-08
  -9.920930E-03  1.420877E-08  -2.117469E-08  4.017588E-08  -2.247230E-02  8.275949E-08
  -9.431060E-08  -1.633408E-07  -8.080676E-08  -4.826162E-09  1.080317E-07  2.158006E-01
 36.6555
  6.298913E-01  6.743031E-07  1.539639E-08  2.286802E-09  1.725887E-02  -5.176437E-08
  -2.457216E-09  4.467950E+00  -2.349523E-07  -2.903648E-01  4.237010E-07  -6.284659E-07
  -5.673902E-07  1.317413E-06  2.096057E-01  3.067728E-07  6.014435E-08  9.037098E-07
  5.904886E-08  -9.584396E-02  5.900015E-08  3.043208E-03  3.116818E-08  3.954232E-08
  -1.134080E-02  7.009399E-08  -2.048593E-08  3.547640E-08  -1.274439E-02  6.463225E-08
  -9.685759E-08  -8.383195E-08  -1.552922E-07  -7.438303E-09  1.070481E-07  2.178980E-01
 36.9899
  6.121908E-01  6.519817E-07  -2.177456E-07  -8.111782E-10  1.667002E-02  -3.736169E-08
  -9.828520E-08  4.414726E+00  2.610189E-07  -2.733596E-01  3.739520E-07  -6.106006E-07
  -5.309833E-07  1.633663E-06  3.200121E-01  2.703072E-07  -3.482044E-08  8.141880E-07
  4.814418E-08  -7.624241E-02  1.494494E-08  5.053618E-03  2.624632E-08  8.038137E-09
  -1.261583E-02  1.135880E-07  -6.346162E-09  3.098394E-08  -3.544848E-03  2.741558E-08
  -1.045532E-07  1.245287E-08  -1.789340E-07  -1.280144E-08  1.023177E-07  2.189601E-01
 37.3244
  5.943697E-01  5.502440E-07  -4.980963E-07  -6.795580E-09  1.723464E-02  -3.019964E-08
  -1.765407E-07  4.312901E+00  7.807854E-07  -2.599631E-01  2.877182E-07  -5.335204E-07
  -3.807384E-07  1.993548E-06  3.698684E-01  2.208526E-07  -1.296114E-07  6.611184E-07
  3.371716E-08  -7.484898E-02  -3.800733E-08  5.988272E-03  1.832194E-08  -3.081795E-08
  -1.364020E-02  1.631164E-07  1.347761E-08  2.632215E-08  4.209190E-03  -1.010170E-08
  -1.147516E-07  1.499331E-07  -1.716193E-07  -1.941221E-08  9.945997E-08  2.181303E-01
 37.6588
  5.762624E-01  5.755844E-07  -6.574910E-07  -1.299526E-09  1.904061E-02  -2.092923E-08
  -2.126688E-07  4.170996E+00  1.021403E-06  -2.507438E-01  1.750166E-07  -4.189225E-07
  -1.516325E-07  2.227309E-06  3.678419E-01  1.691001E-07  -1.824512E-07  4.652776E-07
  1.646555E-08  -8.460322E-02  -6.393160E-08  6.132464E-03  9.182506E-09  -5.941057E-08
  -1.452396E-02  2.095606E-07  4.943151E-08  2.256691E-08  1.018888E-02  -4.845733E-08
  -1.006724E-07  2.723335E-07  -1.168918E-07  -1.502560E-08  9.792576E-08  2.155646E-01
 37.9933
  5.574257E-01  4.965899E-07  -8.871736E-07  -1.475679E-09  2.138165E-02  -1.205562E-08
  -1.966994E-07  3.995215E+00  1.330207E-06  -2.453831E-01  6.074000E-08  -2.893435E-07
  1.062661E-07  2.196697E-06  3.292840E-01  1.197357E-07  -2.151675E-07  2.422359E-07
  -3.870739E-09  -1.028662E-01  -9.540744E-08  5.935326E-03  1.042190E-09  -9.704609E-08
  -1.532133E-02  2.238585E-07  8.912828E-08  2.002225E-08  1.409083E-02  -8.016199E-08
  -1.020687E-07  4.109977E-07  -3.121368E-08  -1.619111E-08  9.804868E-08  2.104851E-01
 38.3277
  5.374168E-01  4.350341E-07  -1.067720E-06  -4.543727E-10  2.428601E-02  -5.014943E-09
  -1.683341E-07  3.797958E+00  1.538241E-06  -2.422986E-01  -4.069497E-08  -1.397344E-07
  3.286085E-07  2.016183E-06  2.798532E-01  7.725838E-08  -2.335608E-07  -4.788573E-09
  -2.318895E-08  -1.218948E-01  -1.181656E-07  5.556650E-03  -7.063626E-09  -1.283008E-07
  -1.591985E-02  2.325527E-07  1.269391E-07  1.829440E-08  1.675622E-02  -1.032471E-07
  -1.004570E-07  5.233622E-07  5.459275E-08  -1.579815E-08  9.858125E-08  2.031107E-01
 38.6622
  5.159175E-01  4.107627E-07  -1.174038E-06  2.301356E-09  2.761334E-02  -4.466733E-11
  -1.361756E-07  3.585813E+00  1.614417E-06  -2.410818E-01  -1.165523E-07  2.318696E-08
  4.768966E-07  1.672352E-06  2.329689E-01  4.651451E-08  -2.379998E-07  -2.658169E-07
  -3.958403E-08  -1.373358E-01  -1.291703E-07  5.184867E-03  -1.475964E-08  -1.491830E-07
  -1.628107E-02  2.378200E-07  1.590222E-07  1.743133E-08  1.820438E-02  -1.138712E-07
  -9.461000E-08  5.944395E-07  1.281727E-07  -1.328817E-08  9.950373E-08  1.931788E-01
 38.9966
  4.926099E-01  4.436213E-07  -1.181038E-06  7.328471E-09  3.122327E-02  2.617728E-09
  -1.088267E-07  3.365374E+00  1.527643E-06  -2.413243E-01  -1.540961E-07  1.927026E-07
  5.126325E-07  1.151785E-06  2.020507E-01  3.235029E-08  -2.288538E-07  -5.308700E-07
  -5.115095E-08  -1.448355E-01  -1.253855E-07  5.008408E-03  -2.167055E-08  -1.557011E-07
  -1.636652E-02  2.418373E-07  1.815358E-07  1.748107E-08  1.845458E-02  -1.081929E-07
  -8.330024E-08  6.092420E-07  1.771713E-07  -8.102580E-09  1.007964E-07  1.804266E-01
 39.3311
  4.671759E-01  5.534554E-07  -1.063627E-06  1.516394E-08  3.497542E-02  2.734770E-09
  -9.489026E-08  3.143229E+00  1.246832E-06  -2.426176E-01  -1.405905E-07  3.620946E-07
  3.973183E-07  4.410651E-07  2.005180E-01  3.961197E-08  -2.064917E-07  -7.899690E-07
  -5.598467E-08  -1.400405E-01  -1.037753E-07  5.215703E-03  -2.742105E-08  -1.438634E-07
  -1.613776E-02  2.467815E-07  1.906380E-07  1.849161E-08  1.752614E-02  -8.237089E-08
  -6.530037E-08  5.527823E-07  1.892340E-07  3.171686E-10  1.024394E-07  1.645918E-01
 39.6655
  4.392975E-01  7.601107E-07  -7.967156E-07  2.634472E-08  3.872943E-02  6.898191E-11
  -1.029691E-07  2.925970E+00  7.408923E-07  -2.445532E-01  -6.329938E-08  5.246450E-07
  9.245603E-08  -4.732255E-07  2.417903E-01  7.314580E-08  -1.712825E-07  -1.033135E-06
  -5.218013E-08  -1.185973E-01  -6.130388E-08  5.995183E-03  -3.163584E-08  -1.096783E-07
  -1.555634E-02  2.548295E-07  1.824872E-07  2.051095E-08  1.543835E-02  -3.256372E-08
  -3.938300E-08  4.100726E-07  1.520057E-07  1.252965E-08  1.044131E-07  1.454116E-01
 40.0000
  4.086566E-01  1.083433E-06  -3.552119E-07  4.140778E-08  4.234493E-02  -5.617110E-09
  -1.416660E-07  2.720187E+00  -2.126489E-08  -2.467229E-01  9.051304E-08  6.736361E-07
  -4.404522E-07  -1.604504E-06  3.392871E-01  1.377980E-07  -1.235953E-07  -1.250389E-06
  -3.783231E-08  -7.615233E-02  5.064679E-09  7.535280E-03  -3.393961E-08  -4.915396E-08
  -1.458380E-02  2.681581E-07  1.532415E-07  2.358709E-08  1.221052E-02  4.506999E-08
  -4.320757E-09  1.661255E-07  5.313192E-08  2.909342E-08  1.066978E-07  1.226235E-01
