Nb de frequency :   120
 0.2000
  7.858369E-02  -2.574343E-09  1.417252E-08  1.338805E-09  3.516212E-02  -2.629662E-09
  2.290304E-08  1.471365E+00  -3.055007E-06  -2.607659E-02  5.522886E-08  -1.514382E-08
  -2.270446E-10  -3.561584E-08  6.042437E+00  3.658632E-08  8.147204E-08  -4.788076E-09
  -1.724662E-10  -2.497293E-02  1.156193E-07  4.236219E-02  -1.455016E-09  1.137469E-10
  2.228646E-02  -6.705183E-10  3.091787E-08  4.533816E-09  1.330091E-01  1.579222E-09
  1.794906E-08  -3.502061E-08  -1.549342E-07  4.537782E-09  6.617125E-08  6.465906E-02
 0.5345
  7.838612E-02  -2.634318E-09  3.041726E-08  7.258660E-10  3.479562E-02  -2.034634E-09
  2.290518E-08  1.471374E+00  -2.828809E-06  -2.602650E-02  7.292257E-08  -3.698591E-08
  -9.071722E-09  2.637373E-10  5.926379E+00  4.872265E-08  5.027181E-08  -3.800254E-09
  -1.729513E-10  -2.491873E-02  1.293734E-07  4.236046E-02  -8.897393E-10  5.106380E-10
  2.205620E-02  -3.546316E-10  2.553838E-08  5.739217E-09  1.326527E-01  2.769134E-09
  1.910874E-08  -4.432178E-08  -1.746456E-07  4.064919E-09  6.597929E-08  6.467186E-02
 0.8689
  7.841361E-02  -2.668247E-09  4.093181E-08  3.388549E-10  3.484869E-02  -1.700638E-09
  2.235080E-08  1.472495E+00  -2.615262E-06  -2.616209E-02  8.256722E-08  -4.887470E-08
  -1.407487E-08  2.470943E-08  5.824761E+00  5.575517E-08  2.599357E-08  -2.621870E-09
  -2.049314E-10  -2.504035E-02  1.338111E-07  4.243587E-02  -6.304519E-10  7.514856E-10
  2.209906E-02  -3.187522E-10  2.118090E-08  6.201835E-09  1.328878E-01  3.889682E-09
  2.012455E-08  -4.815350E-08  -1.818484E-07  3.261120E-09  6.622803E-08  6.471044E-02
 1.2034
  7.864850E-02  -2.681333E-09  4.644757E-08  1.466061E-10  3.528654E-02  -1.585271E-09
  2.134505E-08  1.474772E+00  -2.411722E-06  -2.648803E-02  8.538629E-08  -5.241625E-08
  -1.581344E-08  3.920344E-08  5.734109E+00  5.838293E-08  7.910474E-09  -1.332636E-09
  -2.619184E-10  -2.534173E-02  1.300663E-07  4.258896E-02  -6.237228E-10  8.613399E-10
  2.239219E-02  -5.070758E-10  1.784377E-08  6.043059E-09  1.336779E-01  4.912337E-09
  2.092472E-08  -4.744322E-08  -1.785723E-07  2.203921E-09  6.663891E-08  6.477705E-02
 1.5378
  7.907316E-02  -2.678776E-09  4.769593E-08  1.179541E-10  3.607436E-02  -1.646127E-09
  1.999312E-08  1.478246E+00  -2.215547E-06  -2.700895E-02  8.260326E-08  -4.921664E-08
  -1.486438E-08  4.522793E-08  5.650951E+00  5.730498E-08  -4.704316E-09  -1.226132E-11
  -3.374241E-10  -2.582679E-02  1.192727E-07  4.282027E-02  -8.161204E-10  8.652514E-10
  2.291272E-02  -8.637978E-10  1.552535E-08  5.384278E-09  1.349868E-01  5.808574E-09
  2.143745E-08  -4.311837E-08  -1.668469E-07  9.708554E-10  6.693339E-08  6.487395E-02
 1.8723
  7.966995E-02  -2.665778E-09  4.540830E-08  2.217332E-10  3.717735E-02  -1.840800E-09
  1.840016E-08  1.482958E+00  -2.024093E-06  -2.772952E-02  7.544161E-08  -4.088196E-08
  -1.180464E-08  4.426510E-08  5.571814E+00  5.322039E-08  -1.257764E-08  1.259543E-09
  -4.249603E-10  -2.649947E-02  1.025641E-07  4.313034E-02  -1.154214E-09  7.882703E-10
  2.363778E-02  -1.333114E-09  1.422396E-08  4.346881E-09  1.367779E-01  6.549865E-09
  2.159097E-08  -3.610642E-08  -1.487019E-07  -3.605414E-10  6.683291E-08  6.500338E-02
 2.2067
  8.042122E-02  -2.647539E-09  4.031607E-08  4.267780E-10  3.856071E-02  -2.126887E-09
  1.667136E-08  1.488951E+00  -1.834716E-06  -2.865437E-02  6.512483E-08  -2.901829E-08
  -7.211176E-09  3.779713E-08  5.493227E+00  4.682821E-08  -1.643632E-08  2.403068E-09
  -5.180390E-10  -2.736368E-02  8.107436E-08  4.351972E-02  -1.584571E-09  6.554471E-10
  2.454451E-02  -1.859219E-09  1.393798E-08  3.052259E-09  1.390149E-01  7.107684E-09
  2.131348E-08  -2.733480E-08  -1.261670E-07  -1.712735E-09  6.605891E-08  6.516757E-02
 2.5412
  8.130934E-02  -2.629262E-09  3.315064E-08  7.019229E-10  4.018964E-02  -2.461981E-09
  1.491187E-08  1.496268E+00  -1.644773E-06  -2.978817E-02  5.287639E-08  -1.523169E-08
  -1.660937E-09  2.730620E-08  5.411716E+00  3.882749E-08  -1.700721E-08  3.338602E-09
  -6.101720E-10  -2.842337E-02  5.593732E-08  4.398894E-02  -2.053761E-09  4.918321E-10
  2.561004E-02  -2.386310E-09  1.466573E-08  1.621801E-09  1.416614E-01  7.453502E-09
  2.053321E-08  -1.773096E-08  -1.012719E-07  -3.008190E-09  6.433283E-08  6.536879E-02
 2.8756
  8.236592E-02  -2.735962E-09  2.858128E-08  9.301486E-10  4.213352E-02  -2.672705E-09
  1.342813E-08  1.505104E+00  -1.439547E-06  -3.120310E-02  4.158505E-08  -2.265368E-09
  4.029647E-09  2.513156E-08  5.326447E+00  3.266163E-08  -1.668199E-08  3.643743E-09
  -7.487508E-10  -2.974533E-02  2.661933E-08  4.456114E-02  -2.591526E-09  3.146909E-10
  2.688098E-02  -2.604334E-09  1.765527E-08  4.094769E-10  1.448166E-01  7.411563E-09
  1.883632E-08  -8.647812E-09  -7.890179E-08  -4.165560E-09  6.085827E-08  6.560697E-02
 3.2101
  8.356225E-02  -2.869885E-09  1.702120E-08  1.311045E-09  4.433509E-02  -2.943578E-09
  1.205825E-08  1.515490E+00  -1.221395E-06  -3.289560E-02  3.116554E-08  8.367996E-09
  9.286391E-09  5.932626E-09  5.231841E+00  2.311471E-08  -1.355943E-08  3.805305E-09
  -7.428895E-10  -3.132586E-02  -4.557158E-09  4.523348E-02  -2.912785E-09  2.392806E-10
  2.831941E-02  -2.931428E-09  2.124388E-08  -7.051840E-10  1.484141E-01  7.136809E-09
  1.629158E-08  -1.661919E-09  -5.817813E-08  -4.939496E-09  5.533162E-08  6.588515E-02
 3.5445
  8.485694E-02  -2.882426E-09  6.413837E-09  1.607708E-09  4.671201E-02  -3.200437E-09
  1.109604E-08  1.527440E+00  -9.947698E-07  -3.485139E-02  2.164948E-08  1.481615E-08
  1.393073E-08  -1.436029E-08  5.122051E+00  1.351702E-08  -7.118781E-09  3.277608E-09
  -7.266546E-10  -3.315118E-02  -3.449851E-08  4.599902E-02  -2.856047E-09  2.211009E-10
  2.987085E-02  -2.948409E-09  2.991548E-08  -1.587174E-09  1.523550E-01  6.693873E-09
  1.304021E-08  2.526027E-09  -4.230248E-08  -5.334924E-09  4.752424E-08  6.620715E-02
 3.8790
  8.618752E-02  -2.845005E-09  -1.669461E-09  1.800385E-09  4.913858E-02  -3.264395E-09
  1.055748E-08  1.540886E+00  -7.793867E-07  -3.702590E-02  1.532235E-08  1.676140E-08
  1.654079E-08  -3.006299E-08  4.991194E+00  5.347234E-09  -9.538017E-11  2.125146E-09
  -7.120232E-10  -3.517934E-02  -6.038551E-08  4.684075E-02  -2.712800E-09  2.299074E-10
  3.145190E-02  -3.103908E-09  3.302228E-08  -2.303688E-09  1.564839E-01  5.963798E-09
  9.216603E-09  4.469814E-09  -3.122388E-08  -5.383254E-09  3.807365E-08  6.657751E-02
 4.2134
  8.747135E-02  -2.649496E-09  -7.094352E-09  1.863708E-09  5.144611E-02  -3.235486E-09
  1.026718E-08  1.555671E+00  -5.726255E-07  -3.933836E-02  1.136021E-08  1.557467E-08
  1.696273E-08  -3.704371E-08  4.834161E+00  -9.791077E-10  5.951569E-09  7.414923E-10
  -7.099140E-10  -3.733475E-02  -8.136568E-08  4.773008E-02  -2.542126E-09  3.105552E-10
  3.295049E-02  -3.256692E-09  3.281887E-08  -2.858886E-09  1.605899E-01  4.872819E-09
  5.367340E-09  4.004712E-09  -2.380527E-08  -5.230870E-09  2.778322E-08  6.700172E-02
 4.5479
  8.860986E-02  -2.248220E-09  -1.018403E-08  1.809583E-09  5.342964E-02  -3.009209E-09
  9.914300E-09  1.571528E+00  -3.694757E-07  -4.166868E-02  9.702092E-09  1.129128E-08
  1.578285E-08  -3.610528E-08  4.647192E+00  -4.273252E-09  9.728435E-09  -3.280217E-10
  -7.392106E-10  -3.950514E-02  -9.552958E-08  4.862669E-02  -2.181610E-09  3.861225E-10
  3.423031E-02  -3.464502E-09  2.766976E-08  -3.306537E-09  1.644150E-01  3.538653E-09
  1.670651E-09  1.868950E-09  -1.932246E-08  -4.856411E-09  1.680780E-08  6.748544E-02
 4.8824
  8.949686E-02  -1.663453E-09  -1.137923E-08  1.603001E-09  5.486304E-02  -2.685074E-09
  9.282747E-09  1.588091E+00  -1.935894E-07  -4.385969E-02  1.014508E-08  5.505899E-09
  1.324532E-08  -2.659530E-08  4.427551E+00  -4.608710E-09  8.717628E-09  -1.049616E-09
  -7.635910E-10  -4.154390E-02  -1.021579E-07  4.947983E-02  -1.468578E-09  4.771656E-10
  3.514079E-02  -3.185976E-09  1.845431E-08  -3.526991E-09  1.676732E-01  2.168934E-09
  -1.372336E-09  -2.170639E-09  -1.714826E-08  -4.533015E-09  6.253742E-09  6.803439E-02
 5.2168
  9.002909E-02  -9.587045E-10  -1.193204E-08  1.218597E-09  5.552234E-02  -2.256733E-09
  8.873249E-09  1.604899E+00  -4.380157E-08  -4.572392E-02  1.355333E-08  -9.318400E-10
  9.986326E-09  -1.027711E-08  4.171454E+00  -1.772551E-09  6.922057E-09  -1.476413E-09
  -7.490649E-10  -4.327625E-02  -1.003190E-07  5.023157E-02  -4.536976E-10  5.288124E-10
  3.553283E-02  -2.475547E-09  6.969006E-09  -3.627322E-09  1.700831E-01  8.728907E-10
  -3.010734E-09  -6.607740E-09  -1.772378E-08  -4.176190E-09  -2.376055E-09  6.865313E-02
 5.5513
  9.012119E-02  -3.599925E-10  -1.200818E-08  7.131048E-10  5.523090E-02  -1.838652E-09
  7.687362E-09  1.621416E+00  5.508922E-08  -4.706478E-02  1.447612E-08  -6.765205E-09
  7.103146E-09  1.108047E-10  3.867417E+00  2.656946E-09  4.160631E-09  -6.512371E-10
  -6.722959E-10  -4.451881E-02  -9.277529E-08  5.082443E-02  6.187602E-10  5.481526E-10
  3.528856E-02  -1.704021E-09  -3.325537E-09  -3.709112E-09  1.714474E-01  -1.605349E-10
  -3.419841E-09  -1.154919E-08  -1.592025E-08  -3.720650E-09  -8.274244E-09  6.934314E-02
 5.8857
  8.969141E-02  3.653777E-10  -1.127799E-08  2.546012E-10  5.384094E-02  -1.252201E-09
  6.627854E-09  1.637173E+00  1.063920E-07  -4.768940E-02  1.557739E-08  -1.078692E-08
  4.741571E-09  1.334188E-08  3.515974E+00  7.662235E-09  2.459141E-09  1.534271E-09
  -6.305281E-10  -4.509262E-02  -8.048210E-08  5.120566E-02  1.688044E-09  5.211349E-10
  3.430875E-02  -1.516841E-09  -1.331427E-08  -3.705656E-09  1.716911E-01  -8.796764E-10
  -2.743566E-09  -1.519482E-08  -1.431897E-08  -3.084803E-09  -1.196908E-08  7.010588E-02
 6.2202
  8.864637E-02  7.309101E-10  -1.052870E-08  -1.565309E-10  5.114384E-02  -8.027217E-10
  5.180955E-09  1.651678E+00  1.292107E-07  -4.742794E-02  1.438519E-08  -1.281840E-08
  3.354878E-09  2.950778E-08  3.112134E+00  1.200952E-08  3.505741E-09  4.622860E-09
  -6.179181E-10  -4.483959E-02  -6.362038E-08  5.133371E-02  2.465593E-09  4.082099E-10
  3.245281E-02  -2.025862E-09  -2.261894E-08  -3.597831E-09  1.707632E-01  -1.591440E-09
  -1.377933E-09  -1.806115E-08  -1.149666E-08  -2.461193E-09  -1.333068E-08  7.093676E-02
 6.5546
  8.693273E-02  7.813813E-10  -9.152465E-09  -3.972852E-10  4.683844E-02  -2.934095E-10
  4.692699E-09  1.664576E+00  1.284251E-07  -4.615023E-02  1.379633E-08  -1.262139E-08
  1.472193E-09  3.991539E-08  2.655792E+00  1.542283E-08  4.974725E-09  8.039818E-09
  -6.249257E-10  -4.363928E-02  -4.412026E-08  5.118254E-02  2.770540E-09  2.860979E-10
  2.951899E-02  -2.606042E-09  -2.941258E-08  -3.331028E-09  1.683986E-01  -2.050587E-09
  4.303997E-10  -1.925998E-08  -7.275871E-09  -1.892284E-09  -1.263480E-08  7.182859E-02
 6.8891
  8.461235E-02  5.973145E-10  -8.250268E-09  -5.319575E-10  4.067993E-02  5.231554E-11
  3.776320E-09  1.675656E+00  1.143818E-07  -4.377861E-02  9.261152E-09  -1.196560E-08
  1.924962E-10  4.658801E-08  2.153992E+00  1.555427E-08  6.087457E-09  1.096088E-08
  -6.751907E-10  -4.142001E-02  -2.397341E-08  5.074480E-02  2.491717E-09  1.384827E-10
  2.534614E-02  -2.510148E-09  -3.242043E-08  -2.939561E-09  1.640915E-01  -2.382988E-09
  2.014798E-09  -2.037531E-08  -2.757431E-09  -1.255108E-09  -1.114931E-08  7.276981E-02
 7.2235
  8.187787E-02  1.715105E-10  -7.362164E-09  -5.647475E-10  3.264164E-02  2.735322E-10
  3.502256E-09  1.684910E+00  9.680463E-08  -4.029383E-02  5.811232E-09  -8.973123E-09
  4.543135E-11  5.258935E-08  1.621537E+00  1.109680E-08  7.695464E-09  1.430843E-08
  -7.577741E-10  -3.816489E-02  -8.260204E-09  5.003259E-02  1.994261E-09  6.572983E-11
  1.992265E-02  -1.682126E-09  -2.847296E-08  -2.393950E-09  1.572896E-01  -2.491752E-09
  3.401529E-09  -2.044033E-08  7.855285E-10  -7.164429E-10  -8.374392E-09  7.374508E-02
 7.5580
  7.901460E-02  -2.885273E-10  -6.576695E-09  -5.640427E-10  2.297879E-02  5.056975E-10
  3.067708E-09  1.692554E+00  7.510759E-08  -3.573450E-02  2.297438E-09  -5.333116E-09
  1.000212E-09  5.680628E-08  1.080484E+00  8.180473E-09  9.720046E-09  1.636744E-08
  -8.033779E-10  -3.391184E-02  3.371232E-09  4.907627E-02  1.324561E-09  -1.591426E-11
  1.342787E-02  -7.285537E-10  -2.194799E-08  -1.599791E-09  1.475973E-01  -2.361713E-09
  4.172329E-09  -1.968646E-08  3.035532E-09  -1.530735E-10  -5.225946E-09  7.473584E-02
 7.8924
  7.634509E-02  -9.460213E-10  -6.328778E-09  -4.986626E-10  1.221041E-02  5.636225E-10
  3.207280E-09  1.699045E+00  5.463601E-08  -3.018882E-02  1.825899E-10  -1.630001E-09
  2.295891E-09  5.986098E-08  5.583488E-01  2.528374E-09  1.416284E-08  1.782279E-08
  -7.877931E-10  -2.874510E-02  1.260152E-08  4.792086E-02  8.715007E-10  6.883672E-11
  6.218610E-03  2.735148E-10  -1.410313E-08  -8.538069E-10  1.348978E-01  -2.053914E-09
  4.644334E-09  -1.858285E-08  4.805702E-09  4.570242E-10  -2.709915E-09  7.572247E-02
 8.2269
  7.416439E-02  -1.602629E-09  -6.077149E-09  -4.057645E-10  1.062121E-03  5.224282E-10
  3.829772E-09  1.705083E+00  3.844600E-08  -2.377791E-02  -2.129270E-09  2.756283E-10
  3.782712E-09  5.632310E-08  8.581010E-02  -3.331914E-09  2.070328E-08  1.781134E-08
  -8.173224E-10  -2.278032E-02  1.876964E-08  4.662132E-02  2.324517E-10  1.082186E-10
  -1.210499E-03  8.794947E-10  -5.587146E-09  -5.142131E-11  1.194034E-01  -1.761367E-09
  4.454149E-09  -1.815953E-08  4.209341E-09  8.492438E-10  -1.154399E-09  7.668708E-02
 8.5613
  7.265297E-02  -2.156605E-09  -5.344047E-09  -3.199787E-10  -9.609931E-03  4.278228E-10
  5.089022E-09  1.711509E+00  1.886724E-08  -1.663622E-02  -3.122616E-09  1.470006E-09
  4.121876E-09  5.408516E-08  -3.059291E-01  -9.074232E-09  2.425284E-08  1.661461E-08
  -8.638039E-10  -1.614856E-02  2.223038E-08  4.523877E-02  -5.716195E-10  1.236162E-10
  -8.279966E-03  9.068181E-10  -8.932165E-10  6.335268E-10  1.016648E-01  -1.725774E-09
  3.487821E-09  -1.698068E-08  3.049338E-09  9.749017E-10  -1.654070E-10  7.761440E-02
 8.8958
  7.183924E-02  -2.340125E-09  -4.594115E-09  -2.446578E-10  -1.893860E-02  1.927837E-11
  6.675058E-09  1.720128E+00  1.620040E-08  -8.843662E-03  -3.683332E-09  3.294213E-09
  3.921441E-09  5.404639E-08  -5.882345E-01  -1.420967E-08  2.529453E-08  1.490956E-08
  -9.272230E-10  -8.923422E-03  2.212204E-08  4.382870E-02  -1.333625E-09  2.245075E-10
  -1.440855E-02  6.594625E-10  4.089631E-09  1.144739E-09  8.254820E-02  -1.897028E-09
  2.068270E-09  -1.623410E-08  2.046416E-09  8.596873E-10  2.526995E-10  7.851623E-02
 9.2303
  7.162420E-02  -2.200831E-09  -3.765565E-09  -1.321170E-10  -2.617476E-02  -3.868146E-10
  7.475932E-09  1.734304E+00  2.731161E-08  -3.550835E-04  -4.236891E-09  4.584854E-09
  3.808349E-09  5.428473E-08  -7.392797E-01  -1.673328E-08  2.472061E-08  1.248616E-08
  -1.023659E-09  -1.074874E-03  2.015905E-08  4.244649E-02  -1.769819E-09  2.637442E-10
  -1.909860E-02  3.939602E-10  5.951805E-09  1.470379E-09  6.318900E-02  -2.172183E-09
  2.490088E-10  -1.549107E-08  1.153359E-09  5.588847E-10  -2.206798E-10  7.941738E-02
 9.5647
  7.192114E-02  -1.843416E-09  -3.229686E-09  -1.254770E-10  -3.076252E-02  -1.027983E-09
  7.807233E-09  1.750451E+00  3.475008E-08  5.644659E-03  -2.299528E-09  7.127555E-09
  3.638370E-09  5.559183E-08  -7.500860E-01  -1.692582E-08  2.051715E-08  9.331088E-09
  -1.038100E-09  7.737071E-03  1.723480E-08  4.121441E-02  -1.982358E-09  3.289141E-10
  -2.198420E-02  5.459031E-10  6.397361E-09  1.647041E-09  4.491218E-02  -2.452617E-09
  -1.280483E-09  -1.671175E-08  -1.762005E-10  1.011619E-11  -5.891727E-10  8.039497E-02
 9.8992
  7.267433E-02  -1.302891E-09  -3.024302E-09  -2.136981E-10  -3.235098E-02  -1.525925E-09
  8.083589E-09  1.669180E+00  4.349953E-08  1.119207E-02  -7.693049E-11  9.766556E-09
  3.822097E-09  5.795627E-08  -6.302063E-01  -1.435686E-08  1.792044E-08  6.590634E-09
  -9.895359E-10  1.083928E-02  1.394742E-08  3.958582E-02  -1.937969E-09  3.571460E-10
  -2.284116E-02  5.751211E-10  6.599116E-09  1.619563E-09  2.913608E-02  -2.645828E-09
  -2.295580E-09  -1.760967E-08  -2.265240E-09  -4.167593E-10  -3.579012E-10  8.161415E-02
 10.2336
  7.380373E-02  -9.034354E-10  -2.483151E-09  -3.320126E-10  -3.087165E-02  -1.755083E-09
  7.759317E-09  1.668648E+00  4.450075E-08  1.756660E-02  -2.036247E-10  1.297939E-08
  4.104677E-09  5.804533E-08  -4.072053E-01  -1.130505E-08  1.466735E-08  4.831897E-09
  -9.148531E-10  1.255752E-02  1.061272E-08  3.793232E-02  -1.924234E-09  3.690367E-10
  -2.163620E-02  2.689089E-10  7.246171E-09  1.396325E-09  1.726558E-02  -2.733982E-09
  -2.902987E-09  -1.886245E-08  -2.851771E-09  -7.783237E-10  -2.596560E-10  8.286610E-02
 10.5681
  7.513923E-02  -4.328630E-10  -1.824434E-09  -3.844341E-10  -2.667257E-02  -1.846222E-09
  7.491517E-09  1.763691E+00  3.894228E-08  3.069886E-02  1.042549E-09  1.488410E-08
  4.057114E-09  5.375757E-08  -1.192079E-01  -8.121911E-09  1.286156E-08  3.608370E-09
  -8.707541E-10  2.007896E-02  7.337671E-09  3.692682E-02  -1.864431E-09  2.952244E-10
  -1.861663E-02  -7.314992E-10  7.497625E-09  1.210782E-09  1.042869E-02  -2.635084E-09
  -3.012591E-09  -1.884192E-08  -3.310963E-09  -1.062420E-09  -6.030444E-10  7.976676E-02
 10.9025
  7.643071E-02  -2.616236E-10  -1.737726E-09  -4.813615E-10  -2.061708E-02  -1.740758E-09
  7.011079E-09  1.926074E+00  3.334729E-08  5.060390E-02  1.654607E-09  1.642968E-08
  3.481528E-09  4.716794E-08  1.944565E-01  -5.969581E-09  1.201752E-08  3.065433E-09
  -8.076342E-10  3.518808E-02  5.716620E-09  3.669579E-02  -1.765077E-09  1.259037E-10
  -1.437497E-02  -2.158463E-09  7.300896E-09  1.111695E-09  9.002472E-03  -2.539830E-09
  -3.032666E-09  -1.766323E-08  -2.999018E-09  -1.313835E-09  -7.789189E-10  8.023577E-02
 11.2370
  7.748389E-02  -1.435966E-10  -1.622176E-09  -5.172574E-10  -1.386278E-02  -1.532792E-09
  6.556038E-09  2.124995E+00  2.978145E-08  7.599305E-02  3.237417E-09  1.767272E-08
  2.035254E-09  3.615094E-08  4.994562E-01  -3.826559E-09  1.089963E-08  2.513085E-09
  -7.313847E-10  5.797000E-02  5.042634E-09  3.720898E-02  -1.663560E-09  -9.809536E-11
  -9.697243E-03  -2.685733E-09  7.223519E-09  1.085147E-09  1.233352E-02  -2.119594E-09
  -2.977607E-09  -1.483042E-08  -1.547881E-09  -1.491347E-09  -4.933852E-10  8.436733E-02
 11.5714
  7.828443E-02  5.785740E-11  -1.953864E-09  -4.855676E-10  -7.438564E-03  -1.417470E-09
  5.331182E-09  2.324981E+00  2.584242E-08  1.042054E-01  3.427553E-09  1.832224E-08
  9.133085E-10  2.161596E-08  7.697800E-01  -3.336832E-09  9.172703E-09  1.865536E-09
  -7.030026E-10  8.682795E-02  4.572759E-09  3.828171E-02  -1.526400E-09  -3.916546E-10
  -5.277183E-03  -1.959269E-09  8.422358E-09  1.053346E-09  1.909823E-02  -1.600908E-09
  -3.239283E-09  -1.183049E-08  1.516975E-09  -1.533833E-09  -9.340120E-10  9.117039E-02
 11.9059
  7.900497E-02  3.790987E-10  -2.139962E-09  -5.092646E-10  -2.048034E-03  -1.120709E-09
  4.320078E-09  2.488594E+00  2.499841E-08  1.317490E-01  4.327053E-09  1.890635E-08
  3.091505E-10  8.451237E-09  9.891335E-01  -4.096307E-09  7.880709E-09  1.338714E-09
  -6.859239E-10  1.189815E-01  3.390658E-09  3.963423E-02  -1.201576E-09  -7.024724E-10
  -1.583415E-03  -5.673834E-11  1.065321E-08  1.091727E-09  2.781331E-02  -8.224652E-10
  -3.270490E-09  -7.737157E-09  6.392884E-09  -1.627726E-09  -1.179636E-09  9.968783E-02
 12.2403
  7.991987E-02  6.081960E-10  -2.717495E-09  -4.660528E-10  1.937997E-03  -7.519761E-10
  3.235937E-09  2.580671E+00  2.455037E-08  1.548647E-01  5.729659E-09  1.875202E-08
  -3.574967E-10  -4.689509E-09  1.150911E+00  -4.539190E-09  6.677763E-09  -2.732737E-11
  -6.224768E-10  1.509810E-01  2.361200E-09  4.094338E-02  -7.542606E-10  -1.006327E-09
  1.144752E-03  2.130692E-09  1.208733E-08  1.216841E-09  3.710652E-02  -5.666373E-11
  -3.258092E-09  -1.712532E-09  1.134748E-08  -1.719581E-09  -1.422639E-09  1.088031E-01
 12.5748
  8.127291E-02  5.479921E-10  -2.717816E-09  -3.258381E-10  4.449994E-03  -6.277649E-10
  2.681896E-09  2.571699E+00  2.590167E-08  1.699447E-01  6.598261E-09  1.775682E-08
  -8.510747E-10  -1.535522E-08  1.256835E+00  -4.575743E-09  5.382852E-09  -9.772182E-10
  -5.877717E-10  1.791045E-01  1.404798E-09  4.187835E-02  -1.230965E-10  -1.282932E-09
  2.873436E-03  4.269480E-09  1.260620E-08  1.360169E-09  4.583430E-02  5.852506E-10
  -3.150760E-09  4.873541E-09  1.665539E-08  -1.915571E-09  -1.805135E-09  1.171422E-01
 12.9092
  8.313892E-02  3.091160E-10  -2.710948E-09  -2.294209E-10  5.674825E-03  -6.738336E-10
  2.608980E-09  2.441217E+00  3.375188E-08  1.739603E-01  5.208596E-09  1.490689E-08
  -1.518398E-09  -2.868945E-08  1.315284E+00  -5.100727E-09  3.490346E-09  -2.083525E-09
  -5.971465E-10  1.997602E-01  -6.546142E-10  4.213651E-02  3.393754E-10  -1.621688E-09
  3.739608E-03  5.272741E-09  1.308515E-08  1.566011E-09  5.315319E-02  1.013719E-09
  -3.411715E-09  9.567066E-09  2.145239E-08  -2.253852E-09  -2.071877E-09  1.232783E-01
 13.2437
  8.533165E-02  1.068257E-10  -2.144342E-09  -1.933224E-10  5.968511E-03  -9.242376E-10
  3.602594E-09  2.177600E+00  4.021375E-08  1.645634E-01  3.419002E-09  1.208074E-08
  -2.040246E-09  -3.735467E-08  1.339558E+00  -5.964761E-09  -2.508253E-10  -3.263539E-09
  -5.782527E-10  2.096404E-01  -3.231166E-09  4.145718E-02  7.709413E-10  -1.857912E-09
  3.987672E-03  5.206645E-09  1.231111E-08  1.751779E-09  5.857378E-02  1.226905E-09
  -3.861427E-09  1.439709E-08  2.394985E-08  -2.564761E-09  -2.091716E-09  1.258886E-01
 13.5782
  8.750140E-02  -1.279213E-10  -7.270013E-10  -1.640397E-10  5.708344E-03  -1.335773E-09
  5.151646E-09  1.778598E+00  4.961014E-08  1.401960E-01  2.378180E-09  1.052131E-08
  -2.484456E-09  -4.126545E-08  1.345310E+00  -6.350507E-09  -3.285902E-09  -4.391854E-09
  -5.602044E-10  2.058828E-01  -6.738492E-09  3.962624E-02  1.168726E-09  -1.866085E-09
  3.867444E-03  4.670716E-09  1.223272E-08  1.772440E-09  6.197646E-02  1.279840E-09
  -4.322084E-09  1.732602E-08  2.445061E-08  -2.702722E-09  -1.614254E-09  1.239448E-01
 13.9126
  8.933493E-02  -4.132895E-10  1.604858E-09  -8.879910E-11  5.191453E-03  -1.539195E-09
  6.617086E-09  1.248350E+00  5.570731E-08  9.999139E-02  9.281569E-10  1.007345E-08
  -2.512827E-09  -4.236251E-08  1.348683E+00  -5.489654E-09  -5.090395E-09  -5.944646E-09
  -5.378490E-10  1.860051E-01  -1.000913E-08  3.650144E-02  1.440443E-09  -1.791941E-09
  3.573358E-03  3.441114E-09  1.128798E-08  1.568851E-09  6.359463E-02  1.085964E-09
  -4.538743E-09  1.879330E-08  2.272502E-08  -2.810058E-09  -1.031349E-09  1.166919E-01
 14.2471
  9.075166E-02  -6.881687E-10  4.289892E-09  -1.233102E-10  4.734594E-03  -1.793498E-09
  8.435836E-09  5.901117E-01  6.212576E-08  4.333378E-02  1.243746E-09  1.159059E-08
  -2.220621E-09  -3.857602E-08  1.339470E+00  -3.863404E-09  -7.988918E-09  -6.900011E-09
  -4.319333E-10  1.475951E-01  -1.272480E-08  3.199624E-02  1.507524E-09  -1.508156E-09
  3.323804E-03  1.535206E-09  1.023682E-08  1.249434E-09  6.354474E-02  7.687891E-10
  -4.471470E-09  1.709636E-08  1.747302E-08  -2.635134E-09  -5.298289E-11  1.036705E-01
 14.5815
  9.181049E-02  -9.334744E-10  7.094178E-09  -1.902511E-10  4.512775E-03  -1.705247E-09
  1.009056E-08  -1.179252E-01  6.214929E-08  -1.771240E-02  -1.750159E-09  1.311848E-08
  -1.864350E-09  -2.698637E-08  1.330545E+00  -2.090498E-09  -8.646799E-09  -6.213688E-09
  -3.239064E-10  8.693065E-02  -1.500723E-08  2.578572E-02  1.516530E-09  -1.150424E-09
  3.223441E-03  -4.072351E-11  8.902208E-09  9.211783E-10  6.262194E-02  5.436784E-10
  -4.378214E-09  1.470347E-08  9.258346E-09  -2.259381E-09  1.010475E-09  8.458659E-02
 14.9160
  9.239183E-02  -1.329169E-09  1.037568E-08  -2.637938E-10  4.463408E-03  -1.468022E-09
  1.177545E-08  -5.395627E-01  5.383710E-08  -7.468355E-02  -4.739103E-09  1.430417E-08
  -1.221351E-09  -1.714379E-08  1.341933E+00  -1.157103E-09  -8.275091E-09  -5.356521E-09
  -2.294091E-10  2.544965E-02  -1.575213E-08  1.975971E-02  1.189280E-09  -7.688776E-10
  3.227757E-03  -1.748682E-09  6.818210E-09  6.405677E-10  6.178816E-02  3.095585E-10
  -3.954495E-09  1.122075E-08  -3.423387E-10  -1.797119E-09  1.544653E-09  5.893925E-02
 15.2504
  9.231343E-02  -1.573578E-09  1.320871E-08  -3.247350E-10  4.551901E-03  -1.358587E-09
  1.324994E-08  -7.759175E-01  3.351541E-08  -1.150938E-01  -5.638773E-09  1.300405E-08
  -1.002228E-10  -1.263483E-08  1.380062E+00  -1.338882E-09  -6.166518E-09  -4.680372E-09
  -1.628494E-10  -2.506246E-02  -1.573618E-08  1.502756E-02  9.902522E-10  -3.864898E-10
  3.304708E-03  -3.168190E-09  4.936744E-09  4.255914E-10  6.178033E-02  4.921626E-10
  -3.514505E-09  7.658422E-09  -9.992405E-09  -1.248360E-09  1.676340E-09  3.296394E-02
 15.5849
  9.115595E-02  -1.423395E-09  1.408287E-08  -3.861182E-10  4.592761E-03  -1.184171E-09
  1.393408E-08  -8.615623E-01  2.757628E-09  -1.408507E-01  -6.108369E-09  1.318131E-08
  9.296075E-10  -6.340438E-09  1.440359E+00  -2.207696E-09  -3.906964E-09  -4.047551E-09
  -7.870982E-11  -6.434080E-02  -1.398117E-08  1.151196E-02  8.821032E-10  -4.666958E-11
  3.323814E-03  -3.607768E-09  3.112843E-09  2.116025E-10  6.302857E-02  5.355435E-10
  -3.118747E-09  5.422724E-09  -1.911100E-08  -6.171653E-10  1.865189E-09  1.594917E-02
 15.9193
  8.875417E-02  -1.321574E-09  1.344571E-08  -3.959853E-10  4.377765E-03  -9.218958E-10
  1.259710E-08  -8.053267E-01  -3.260774E-08  -1.513372E-01  -5.916561E-09  1.263049E-08
  1.745924E-09  -2.557153E-09  1.514723E+00  -3.759657E-09  -1.644602E-09  -3.449902E-09
  -4.802963E-11  -9.036147E-02  -1.203115E-08  9.330514E-03  7.801998E-10  1.925847E-10
  3.148684E-03  -2.837521E-09  1.622900E-09  6.402089E-11  6.525431E-02  7.102118E-10
  -2.702996E-09  3.657635E-09  -2.500705E-08  -1.765100E-11  1.733924E-09  4.202380E-03
 16.2538
  8.511896E-02  -1.749097E-09  1.161805E-08  -3.512345E-10  4.076733E-03  -6.032408E-10
  1.001853E-08  -6.337676E-01  -7.371961E-08  -1.480918E-01  -6.754261E-09  1.072579E-08
  2.588900E-09  -2.261102E-10  1.593434E+00  -6.277083E-09  -1.247336E-09  -2.811161E-09
  -3.321293E-11  -1.030795E-01  -9.579125E-09  8.413280E-03  8.194078E-10  3.541309E-10
  2.875655E-03  -1.573424E-09  3.859214E-10  -1.202820E-10  6.791489E-02  8.124518E-10
  -2.420236E-09  9.706983E-10  -2.644473E-08  5.027348E-10  8.426065E-10  -2.665837E-03
 16.5882
  8.052127E-02  -1.859946E-09  8.569816E-09  -3.750808E-10  3.636078E-03  -1.937980E-10
  6.786221E-09  -3.825406E-01  -1.092055E-07  -1.337424E-01  -7.904920E-09  7.681319E-09
  3.203454E-09  6.309376E-09  1.665883E+00  -8.769039E-09  -1.844875E-09  -2.054088E-09
  3.299681E-12  -1.036343E-01  -7.512177E-09  8.598795E-03  8.827121E-10  3.966521E-10
  2.489450E-03  -2.431742E-10  -9.319083E-10  -2.217803E-10  7.057296E-02  1.026553E-09
  -1.988618E-09  -9.420631E-10  -2.381932E-08  7.503891E-10  -8.775295E-11  -4.331049E-03
 16.9227
  7.536533E-02  -2.456099E-09  4.488201E-09  -2.917981E-10  3.066358E-03  3.323473E-11
  2.973302E-09  -9.020289E-02  -1.405592E-07  -1.115289E-01  -8.733181E-09  3.727957E-09
  3.227250E-09  1.096104E-08  1.721484E+00  -1.154083E-08  -4.425767E-09  -7.264546E-10
  8.349061E-11  -9.402944E-02  -5.684180E-09  9.659824E-03  1.027666E-09  2.994072E-10
  2.020926E-03  3.051185E-10  -2.631014E-09  -2.852299E-10  7.280717E-02  1.290998E-09
  -1.647710E-09  -1.432416E-09  -1.928252E-08  8.376055E-10  -5.372953E-10  -1.290576E-03
 17.2571
  6.995979E-02  -3.192963E-09  1.889872E-10  -2.153727E-10  2.453253E-03  -1.622657E-10
  -1.054625E-09  2.054901E-01  -1.673672E-07  -8.501244E-02  -1.073853E-08  -1.149390E-09
  2.810447E-09  1.521255E-08  1.750259E+00  -1.433516E-08  -8.422946E-09  1.014949E-09
  1.525333E-10  -7.695501E-02  -4.309445E-09  1.131935E-02  1.209312E-09  1.084577E-10
  1.545383E-03  -6.936242E-10  -4.257002E-09  -4.237547E-10  7.422994E-02  1.598272E-09
  -1.451910E-09  -2.254409E-09  -1.228779E-08  7.963768E-10  -7.689823E-10  5.275492E-03
 17.5916
  6.444509E-02  -3.949643E-09  -5.004228E-09  -1.761872E-10  1.935410E-03  -4.967951E-10
  -4.845261E-09  4.718345E-01  -1.855166E-07  -5.765328E-02  -1.145750E-08  -5.266759E-09
  1.539034E-09  1.833702E-08  1.743469E+00  -1.580188E-08  -1.242411E-08  3.002216E-09
  2.550876E-10  -5.550722E-02  -3.388476E-09  1.328006E-02  1.388611E-09  -7.085801E-11
  1.155459E-03  -3.968552E-09  -5.166079E-09  -6.088127E-10  7.451609E-02  1.772484E-09
  -1.421506E-09  -2.958573E-09  -5.097511E-09  7.318183E-10  -8.431623E-10  1.398051E-02
 17.9261
  5.889244E-02  -4.139621E-09  -9.020745E-09  -1.661393E-10  1.644339E-03  -7.110856E-10
  -7.735513E-09  6.628025E-01  -1.939028E-07  -3.426505E-02  -9.700777E-09  -8.157482E-09
  3.661468E-10  2.502532E-08  1.694434E+00  -1.638140E-08  -1.570909E-08  5.108128E-09
  3.632824E-10  -3.404387E-02  -3.585430E-09  1.516185E-02  1.599914E-09  -1.783406E-10
  9.281229E-04  -8.497182E-09  -5.278996E-09  -8.956691E-10  7.341995E-02  1.884551E-09
  -1.272872E-09  -2.722494E-09  8.732893E-10  6.563555E-10  -5.521482E-10  2.361803E-02
 18.2605
  5.349417E-02  -4.070292E-09  -1.190452E-08  -1.623831E-10  1.754326E-03  -6.676467E-10
  -9.345253E-09  7.515468E-01  -1.913547E-07  -1.817829E-02  -6.243311E-09  -9.471322E-09
  -1.599481E-09  2.908381E-08  1.598734E+00  -1.577970E-08  -1.781141E-08  7.232538E-09
  4.678221E-10  -1.642657E-02  -4.993194E-09  1.664008E-02  1.679219E-09  -2.373950E-10
  8.920870E-04  -1.382326E-08  -3.680753E-09  -1.324147E-09  7.077470E-02  1.702429E-09
  -1.035064E-09  -2.898762E-09  6.703978E-09  6.042134E-10  -3.060781E-11  3.125421E-02
 18.5950
  4.859413E-02  -4.101205E-09  -1.354041E-08  -1.326559E-10  2.009457E-03  -4.152664E-10
  -9.476853E-09  7.856528E-01  -1.793657E-07  -7.115304E-03  -1.797211E-09  -9.612822E-09
  -3.827168E-09  3.024584E-08  1.453384E+00  -1.359644E-08  -1.846824E-08  9.545438E-09
  6.013627E-10  -3.611388E-03  -7.229124E-09  1.764407E-02  1.535915E-09  -1.984000E-10
  1.040464E-03  -2.000241E-08  -2.114834E-09  -1.785190E-09  6.647267E-02  1.516755E-09
  -7.328692E-10  -2.488381E-09  1.118844E-08  4.631987E-10  2.988474E-10  3.868719E-02
 18.9294
  4.457281E-02  -4.403970E-09  -1.364898E-08  -1.306393E-10  2.328343E-03  5.222853E-11
  -9.052379E-09  7.992447E-01  -1.561424E-07  3.360501E-04  2.752308E-09  -8.985609E-09
  -5.806295E-09  2.919301E-08  1.249099E+00  -1.053530E-08  -1.769518E-08  1.213125E-08
  6.714605E-10  3.047438E-03  -1.077625E-08  1.808896E-02  1.190699E-09  -5.696414E-11
  1.385646E-03  -2.582982E-08  5.069369E-11  -1.943387E-09  6.037625E-02  1.449941E-09
  -4.904759E-10  -3.234586E-09  1.226536E-08  4.676711E-10  1.133259E-09  4.040358E-02
 19.2639
  4.178401E-02  -4.245110E-09  -1.291141E-08  -9.538590E-11  2.641551E-03  5.644115E-10
  -8.022768E-09  8.663657E-01  -1.291039E-07  9.053422E-03  5.838199E-09  -8.091833E-09
  -7.274273E-09  2.738542E-08  1.049421E+00  -7.155091E-09  -1.525955E-08  1.464516E-08
  6.799689E-10  4.943398E-03  -1.471981E-08  1.809097E-02  7.142998E-10  9.879740E-11
  1.716807E-03  -2.956094E-08  1.561179E-09  -1.944844E-09  5.371007E-02  1.604166E-09
  -3.406227E-10  -3.871544E-09  1.087936E-08  4.136652E-10  1.878395E-09  4.125895E-02
 19.5983
  4.007551E-02  -4.560812E-09  -1.019887E-08  1.906389E-11  2.738331E-03  9.843289E-10
  -5.872819E-09  1.019941E+00  -1.002205E-07  1.924538E-02  9.639457E-09  -7.092163E-09
  -7.505378E-09  1.422389E-08  8.964885E-01  -3.033115E-09  -1.187994E-08  1.532407E-08
  6.274781E-10  1.094914E-02  -1.832782E-08  1.846633E-02  1.390947E-10  2.194737E-10
  1.893890E-03  -3.210061E-08  2.811719E-09  -1.723443E-09  4.745558E-02  1.836014E-09
  -3.169155E-10  -3.994892E-09  7.877133E-09  3.641217E-10  2.386267E-09  4.240964E-02
 19.9328
  3.927465E-02  -4.784891E-09  -7.958833E-09  1.332090E-10  2.805915E-03  1.170860E-09
  -3.729272E-09  1.150949E+00  -6.902803E-08  3.163138E-02  1.262502E-08  -6.516118E-09
  -6.921669E-09  -5.049385E-10  7.947026E-01  2.127814E-10  -7.189088E-09  1.469197E-08
  5.095197E-10  1.870624E-02  -2.098558E-08  1.904541E-02  -2.345119E-10  3.288067E-10
  2.030688E-03  -3.208340E-08  4.254236E-09  -1.536824E-09  4.240597E-02  2.321762E-09
  -5.894450E-10  -3.687921E-09  3.239941E-09  3.352137E-10  2.381319E-09  4.768034E-02
 20.2672
  3.891039E-02  -4.875886E-09  -6.651324E-09  2.290939E-10  2.817201E-03  1.291288E-09
  -2.477395E-09  1.253275E+00  -4.181314E-08  4.137389E-02  1.424786E-08  -5.743735E-09
  -6.319280E-09  -1.371080E-08  7.394687E-01  3.441405E-09  -3.058808E-09  1.312011E-08
  3.388073E-10  2.472003E-02  -2.187303E-08  1.948436E-02  -5.825165E-10  3.477861E-10
  2.111445E-03  -2.963190E-08  5.011530E-09  -1.281409E-09  3.917718E-02  2.444889E-09
  -8.481878E-10  -2.641982E-09  -2.797257E-09  2.982961E-10  1.982455E-09  5.350601E-02
 20.6017
  3.891538E-02  -6.014019E-09  -5.603868E-09  2.406654E-10  2.788167E-03  1.331635E-09
  -2.127166E-09  1.320334E+00  -1.904666E-08  4.822048E-02  1.470342E-08  -7.197072E-09
  -5.651968E-09  -2.587053E-08  7.276472E-01  5.750840E-09  4.496868E-10  1.116231E-08
  9.560202E-11  2.906835E-02  -2.114683E-08  1.980783E-02  -7.979494E-10  2.514662E-10
  2.151257E-03  -2.551274E-08  5.252203E-09  -9.352017E-10  3.754918E-02  2.472596E-09
  -1.214445E-09  -1.620796E-09  -8.894156E-09  2.764039E-10  1.130653E-09  5.869753E-02
 20.9361
  3.905149E-02  -7.845912E-09  -4.487151E-09  1.969338E-10  2.964463E-03  1.237830E-09
  -1.351051E-09  1.335304E+00  -2.462671E-09  5.078039E-02  1.249680E-08  -1.066751E-08
  -4.898408E-09  -3.490929E-08  7.535293E-01  7.341810E-09  2.926780E-09  8.465490E-09
  -1.439923E-10  3.088474E-02  -1.893458E-08  1.994078E-02  -9.115540E-10  1.072974E-10
  2.303471E-03  -2.019055E-08  4.862450E-09  -6.567406E-10  3.729956E-02  2.446470E-09
  -1.630994E-09  -1.632402E-09  -1.409732E-08  1.906376E-10  2.882265E-10  6.281190E-02
 21.2706
  3.917481E-02  -9.334922E-09  -3.809595E-09  5.000895E-11  2.940189E-03  9.262906E-10
  -4.219021E-10  1.286825E+00  1.332673E-08  4.819398E-02  9.358548E-09  -1.504323E-08
  -4.437220E-09  -3.802811E-08  8.067949E-01  8.448929E-09  4.481887E-09  5.204412E-09
  -3.506395E-10  2.966450E-02  -1.550594E-08  1.984358E-02  -1.061531E-09  -1.922490E-10
  2.335427E-03  -1.450741E-08  4.081934E-09  -3.150531E-10  3.825684E-02  2.621561E-09
  -2.095505E-09  -7.362826E-10  -1.852240E-08  3.698314E-11  -6.536514E-10  6.556663E-02
 21.6050
  3.912450E-02  -1.162961E-08  -3.627213E-09  -1.508373E-10  2.783316E-03  3.803644E-10
  6.028843E-10  1.169398E+00  2.160504E-08  4.004982E-02  5.484178E-09  -1.981757E-08
  -4.000465E-09  -3.437254E-08  8.789544E-01  8.982811E-09  4.865321E-09  2.725712E-09
  -4.983283E-10  2.517862E-02  -1.031834E-08  1.949668E-02  -1.125330E-09  -5.780298E-10
  2.237395E-03  -8.943762E-09  2.375929E-09  -1.596736E-10  4.016629E-02  2.719714E-09
  -2.513311E-09  4.257643E-10  -2.262250E-08  -1.045265E-10  -1.121941E-09  6.626550E-02
 21.9395
  3.861122E-02  -1.356004E-08  -3.593334E-09  -3.508451E-10  2.462668E-03  -5.774069E-10
  1.569283E-09  9.827778E-01  2.755222E-08  2.634199E-02  1.588478E-09  -2.457493E-08
  -3.513762E-09  -2.967665E-08  9.592038E-01  9.557278E-09  4.540840E-09  -1.173600E-09
  -6.345919E-10  1.743779E-02  -4.228290E-09  1.889913E-02  -1.017309E-09  -9.130495E-10
  2.034606E-03  -5.396821E-09  9.809237E-10  -1.776964E-10  4.266496E-02  2.672266E-09
  -2.743708E-09  1.567339E-09  -2.485630E-08  -2.506882E-10  -1.407416E-09  6.431461E-02
 22.2740
  3.735835E-02  -1.427741E-08  -3.970606E-09  -4.699479E-10  2.162194E-03  -1.586861E-09
  2.229477E-09  7.306450E-01  2.490226E-08  7.387512E-03  -8.398248E-10  -2.612399E-08
  -3.383964E-09  -2.164935E-08  1.038375E+00  1.005479E-08  4.149884E-09  -3.894441E-09
  -7.491660E-10  6.642921E-03  2.487811E-09  1.806634E-02  -6.886541E-10  -1.084752E-09
  1.766158E-03  -2.678444E-09  1.046418E-10  -2.975571E-10  4.545257E-02  2.357209E-09
  -2.865259E-09  3.290300E-09  -2.628180E-08  -3.443752E-10  -1.609518E-09  5.934971E-02
 22.6084
  3.532253E-02  -1.311339E-08  -3.510742E-09  -5.745076E-10  1.967680E-03  -2.335568E-09
  3.567434E-09  4.146645E-01  1.903183E-08  -1.666173E-02  -1.828825E-09  -2.720985E-08
  -3.439435E-09  -1.291265E-08  1.106063E+00  9.956306E-09  4.436179E-09  -6.857634E-09
  -8.217836E-10  -7.123541E-03  8.525030E-09  1.700469E-02  -3.142974E-10  -1.281507E-09
  1.478385E-03  2.053851E-10  8.295709E-10  -5.975833E-10  4.814682E-02  1.874558E-09
  -2.833983E-09  4.283933E-09  -2.601883E-08  -4.784895E-10  -1.449327E-09  5.116757E-02
 22.9429
  3.268131E-02  -1.186700E-08  -3.832955E-09  -6.545978E-10  1.923552E-03  -2.771661E-09
  5.180049E-09  1.003202E-01  1.048104E-08  -4.047399E-02  -2.577491E-09  -2.724769E-08
  -4.450327E-09  -7.226985E-09  1.153173E+00  9.644347E-09  5.100454E-09  -9.033747E-09
  -7.316491E-10  -2.078829E-02  1.355045E-08  1.595044E-02  -1.573177E-10  -1.490177E-09
  1.216315E-03  2.448576E-09  2.382484E-09  -9.025426E-10  5.037267E-02  1.168376E-09
  -2.690788E-09  4.810228E-09  -2.288576E-08  -5.529954E-10  -1.451005E-09  3.872608E-02
 23.2773
  2.969979E-02  -1.096268E-08  -4.075764E-09  -6.977836E-10  1.787568E-03  -2.967417E-09
  6.616687E-09  -1.010616E-01  8.453290E-10  -5.554497E-02  -1.685224E-09  -2.675957E-08
  -5.607046E-09  7.879302E-10  1.174824E+00  8.902016E-09  6.929263E-09  -1.050302E-08
  -5.686800E-10  -2.956224E-02  1.635525E-08  1.527271E-02  -2.222057E-10  -1.334544E-09
  1.006531E-03  4.856197E-09  4.901887E-09  -1.083655E-09  5.186444E-02  7.367252E-10
  -2.471422E-09  4.414385E-09  -1.876838E-08  -5.797004E-10  -1.205335E-09  2.687065E-02
 23.6118
  2.665652E-02  -9.502052E-09  -4.004793E-09  -6.965810E-10  1.652081E-03  -2.603472E-09
  6.651469E-09  -2.108565E-01  -6.948835E-09  -6.351493E-02  -1.265153E-10  -2.488338E-08
  -6.203022E-09  1.098067E-08  1.175399E+00  7.945162E-09  9.643079E-09  -1.083323E-08
  -4.489750E-10  -3.435258E-02  1.678873E-08  1.490242E-02  -3.188027E-10  -1.094172E-09
  8.484394E-04  7.752868E-09  8.169168E-09  -9.440464E-10  5.259844E-02  6.997669E-11
  -2.069350E-09  1.510592E-09  -1.506096E-08  -4.386367E-10  -2.698659E-10  1.454273E-02
 23.9462
  2.390301E-02  -6.709517E-09  -4.786009E-09  -5.982866E-10  1.515585E-03  -2.417482E-09
  6.362923E-09  -2.379887E-01  -1.506885E-08  -6.513838E-02  2.059946E-09  -2.014602E-08
  -6.473889E-09  2.310008E-08  1.183550E+00  7.232636E-09  1.228679E-08  -1.116958E-08
  -2.361967E-10  -3.554804E-02  1.572895E-08  1.480934E-02  -3.997794E-10  -7.322935E-10
  6.508266E-04  1.163695E-08  1.138801E-08  -7.603573E-10  5.307041E-02  -4.154304E-10
  -1.680924E-09  -2.619508E-10  -1.106508E-08  -2.588212E-10  6.724429E-10  7.709726E-03
 24.2807
  2.146615E-02  -4.647873E-09  -5.735443E-09  -4.598534E-10  1.294733E-03  -2.009747E-09
  5.689556E-09  -2.051985E-01  -2.053715E-08  -6.193443E-02  4.372494E-09  -1.473827E-08
  -6.521881E-09  3.190408E-08  1.197075E+00  6.843944E-09  1.565993E-08  -1.094649E-08
  6.070884E-11  -3.381754E-02  1.340864E-08  1.494357E-02  -4.000886E-10  -3.978746E-10
  4.544684E-04  1.541316E-08  1.471843E-08  -4.658363E-10  5.336527E-02  -7.787064E-10
  -1.474506E-09  -1.071864E-09  -8.645263E-09  2.317483E-11  1.940554E-09  3.599093E-03
 24.6151
  1.955903E-02  -2.415723E-09  -7.724650E-09  -3.783475E-10  1.100265E-03  -1.175648E-09
  4.198264E-09  -1.177586E-01  -2.991865E-08  -5.454637E-02  7.003044E-09  -8.352023E-09
  -5.955226E-09  4.611851E-08  1.205690E+00  5.878784E-09  1.854301E-08  -9.872435E-09
  3.312333E-10  -2.972123E-02  1.028458E-08  1.525643E-02  -1.709057E-10  4.928385E-11
  3.489191E-04  2.067988E-08  1.667070E-08  -6.101535E-11  5.354857E-02  -1.317969E-09
  -1.341326E-09  -1.287372E-09  -7.993169E-09  4.052033E-10  2.939419E-09  2.367611E-03
 24.9496
  1.823912E-02  7.086084E-11  -1.007745E-08  -3.475838E-10  8.702453E-04  -5.695806E-12
  1.546910E-09  1.008010E-02  -3.611505E-08  -4.412081E-02  1.019716E-08  -5.062349E-09
  -5.452244E-09  6.065280E-08  1.206755E+00  5.390929E-09  2.120115E-08  -8.355658E-09
  5.834255E-10  -2.400906E-02  6.638537E-09  1.571209E-02  1.156770E-11  5.850663E-10
  3.143785E-04  2.668727E-08  1.753547E-08  3.288192E-10  5.359488E-02  -1.968654E-09
  -1.153252E-09  -1.150477E-09  -9.311450E-09  8.413253E-10  3.920200E-09  3.753182E-03
 25.2840
  1.761588E-02  2.877532E-09  -1.232077E-08  -4.374793E-10  6.172783E-04  1.314559E-09
  -1.554121E-09  1.748059E-01  -4.408918E-08  -3.139841E-02  1.388886E-08  -1.792426E-09
  -4.606151E-09  8.438203E-08  1.200925E+00  4.955725E-09  2.320326E-08  -6.178621E-09
  8.087980E-10  -1.731935E-02  2.482217E-09  1.624742E-02  1.432488E-10  1.045632E-09
  3.744605E-04  3.280853E-08  1.796630E-08  7.045571E-10  5.327418E-02  -2.674428E-09
  -1.092425E-09  1.590402E-09  -1.292230E-08  1.391347E-09  4.634768E-09  7.841890E-03
 25.6185
  1.750985E-02  5.247411E-09  -1.394519E-08  -6.469330E-10  3.894609E-04  2.677000E-09
  -4.346035E-09  3.601589E-01  -4.775995E-08  -1.772903E-02  1.628589E-08  8.808876E-10
  -3.796350E-09  1.123394E-07  1.187842E+00  5.114344E-09  2.422100E-08  -4.206869E-09
  1.007156E-09  -1.042954E-02  -1.901653E-09  1.679470E-02  5.314969E-11  1.469106E-09
  5.426028E-04  3.814561E-08  1.680712E-08  9.572439E-10  5.261851E-02  -3.227695E-09
  -9.596549E-10  5.638215E-09  -1.675302E-08  1.905331E-09  5.115507E-09  1.408021E-02
 25.9529
  1.773581E-02  6.957513E-09  -1.480222E-08  -9.169862E-10  5.778043E-05  4.069009E-09
  -7.137140E-09  5.449428E-01  -4.886001E-08  -4.672072E-03  1.929538E-08  3.307770E-09
  -2.874776E-09  1.481318E-07  1.166953E+00  6.019906E-09  2.307835E-08  -2.560293E-09
  1.190743E-09  -4.152720E-03  -5.569376E-09  1.728739E-02  -8.766290E-11  1.804179E-09
  6.686894E-04  4.128090E-08  1.450762E-08  1.178821E-09  5.169463E-02  -3.872711E-09
  -8.654285E-10  1.164600E-08  -2.138536E-08  2.489879E-09  5.378177E-09  2.153370E-02
 26.2874
  1.808924E-02  7.318307E-09  -1.488381E-08  -1.111977E-09  -1.572657E-04  5.046784E-09
  -9.375552E-09  7.074702E-01  -5.069439E-08  6.277869E-03  2.140876E-08  5.607343E-09
  -1.802578E-09  1.891084E-07  1.145077E+00  7.286915E-09  2.016946E-08  1.633926E-11
  1.332321E-09  7.705669E-04  -8.363735E-09  1.766703E-02  -1.893549E-10  2.162941E-09
  7.900359E-04  4.166885E-08  1.088739E-08  1.254446E-09  5.072508E-02  -4.921510E-09
  -7.052094E-10  1.812590E-08  -2.592546E-08  2.953208E-09  5.588047E-09  2.909026E-02
 26.6218
  1.831071E-02  7.314390E-09  -1.309454E-08  -1.094643E-09  -3.705999E-04  5.256216E-09
  -1.120494E-08  8.299137E-01  -4.782948E-08  1.395359E-02  2.246890E-08  7.995581E-09
  -5.465483E-10  2.171418E-07  1.124819E+00  8.637414E-09  1.536211E-08  -2.204918E-10
  1.338282E-09  3.657016E-03  -1.030071E-08  1.788990E-02  -1.550010E-10  2.473768E-09
  8.915939E-04  3.829278E-08  8.584913E-09  1.343161E-09  4.982276E-02  -6.068346E-09
  -6.099401E-10  2.425311E-08  -2.860770E-08  3.269306E-09  5.446130E-09  3.563792E-02
 26.9563
  1.818861E-02  7.742214E-09  -1.044131E-08  -8.646500E-10  -3.220635E-04  4.859464E-09
  -1.192968E-08  9.007122E-01  -5.273344E-08  1.777995E-02  2.296529E-08  1.177252E-08
  2.964226E-11  2.375455E-07  1.111480E+00  9.340088E-09  1.000962E-08  -1.615428E-09
  1.293601E-09  4.329148E-03  -1.089023E-08  1.794968E-02  -1.159602E-10  2.713429E-09
  9.616976E-04  3.435157E-08  5.609636E-09  1.360308E-09  4.924029E-02  -7.177503E-09
  -6.386676E-10  2.929058E-08  -3.056220E-08  3.417833E-09  5.199283E-09  4.019108E-02
 27.2908
  1.767915E-02  9.377068E-09  -7.380463E-09  -5.487001E-10  -8.935143E-05  4.000550E-09
  -1.119719E-08  9.222412E-01  -5.574818E-08  1.830672E-02  2.357500E-08  1.273982E-08
  -2.914970E-11  2.500480E-07  1.104789E+00  9.646091E-09  4.970445E-09  -5.400776E-09
  1.288834E-09  3.560430E-03  -1.008603E-08  1.788860E-02  -1.513067E-10  2.708411E-09
  1.000348E-03  2.961326E-08  4.768380E-09  1.286736E-09  4.894652E-02  -8.274035E-09
  -7.684699E-10  3.168333E-08  -3.113725E-08  3.319902E-09  5.058743E-09  4.212478E-02
 27.6252
  1.682510E-02  9.627212E-09  -4.769342E-09  -1.417798E-10  3.308657E-04  2.641004E-09
  -1.009153E-08  9.252395E-01  -5.894875E-08  1.823727E-02  2.248739E-08  1.218336E-08
  -6.773942E-10  2.553875E-07  1.103551E+00  9.852862E-09  2.168677E-10  -8.328496E-09
  1.311786E-09  3.121141E-03  -8.034616E-09  1.783813E-02  -2.540492E-10  2.557510E-09
  1.020008E-03  2.401088E-08  5.020406E-09  1.303653E-09  4.891418E-02  -8.992801E-09
  -9.222580E-10  3.147520E-08  -2.973011E-08  3.101662E-09  4.807376E-09  4.146551E-02
 27.9597
  1.574597E-02  9.571909E-09  -1.117125E-09  3.309270E-10  8.817722E-04  8.686436E-10
  -8.599419E-09  9.247603E-01  -6.279270E-08  1.881090E-02  2.141801E-08  9.574045E-09
  -1.543969E-09  2.571787E-07  1.107582E+00  9.679432E-09  -4.070224E-09  -1.160129E-08
  1.263395E-09  3.779436E-03  -5.981404E-09  1.785956E-02  -2.440807E-10  2.572550E-09
  1.022552E-03  1.883220E-08  6.400735E-09  1.432686E-09  4.911931E-02  -9.230068E-09
  -1.193072E-09  2.719260E-08  -2.778493E-08  2.754954E-09  4.864597E-09  4.039428E-02
 28.2941
  1.459775E-02  9.793534E-09  2.433540E-09  8.887172E-10  1.474123E-03  -1.162797E-09
  -6.392233E-09  8.814685E-01  -6.518808E-08  1.712526E-02  1.940504E-08  7.456471E-09
  -2.440699E-09  2.479520E-07  1.115468E+00  1.021074E-08  -8.889529E-09  -1.482561E-08
  1.201420E-09  3.894862E-03  -3.553047E-09  1.783459E-02  1.893072E-11  2.329496E-09
  1.009166E-03  1.380786E-08  7.977109E-09  1.717925E-09  4.951360E-02  -9.238298E-09
  -1.455058E-09  2.035589E-08  -2.444936E-08  2.283009E-09  5.107331E-09  3.867530E-02
 28.6286
  1.352039E-02  1.022634E-08  4.975035E-09  1.516124E-09  1.984925E-03  -3.557923E-09
  -3.106881E-09  7.959761E-01  -7.039150E-08  1.330244E-02  1.683274E-08  6.234779E-09
  -3.596336E-09  2.223035E-07  1.125381E+00  1.051916E-08  -1.326188E-08  -1.960445E-08
  1.095805E-09  3.500309E-03  -7.046363E-10  1.777827E-02  3.287970E-10  2.095195E-09
  9.737667E-04  9.185222E-09  1.057856E-08  1.982858E-09  5.005252E-02  -8.285203E-09
  -1.762488E-09  1.428120E-08  -1.974303E-08  1.669098E-09  5.447408E-09  3.502699E-02
 28.9630
  1.254956E-02  9.051685E-09  6.739416E-09  1.985982E-09  2.420296E-03  -5.329872E-09
  9.193460E-10  6.640195E-01  -7.191737E-08  7.171187E-03  1.413174E-08  3.536490E-09
  -4.283946E-09  1.851646E-07  1.135315E+00  1.029937E-08  -1.609486E-08  -2.298360E-08
  9.504659E-10  2.460790E-03  1.991621E-09  1.769162E-02  8.248476E-10  1.836333E-09
  9.448348E-04  5.251384E-09  1.182938E-08  2.372553E-09  5.066322E-02  -6.753317E-09
  -1.999313E-09  6.742961E-09  -1.574307E-08  1.039955E-09  6.183709E-09  2.954610E-02
 29.2975
  1.181061E-02  7.813913E-09  8.141459E-09  2.331134E-09  2.740244E-03  -6.229179E-09
  4.837249E-09  5.193983E-01  -7.832265E-08  6.680341E-04  1.196639E-08  1.058992E-09
  -4.419331E-09  1.357152E-07  1.143670E+00  9.661169E-09  -1.838690E-08  -2.577064E-08
  6.258187E-10  1.019304E-03  4.371466E-09  1.759084E-02  1.435334E-09  1.643132E-09
  9.385201E-04  5.418132E-09  1.189305E-08  2.890040E-09  5.125299E-02  -5.189392E-09
  -2.123518E-09  -5.749621E-10  -1.133741E-08  4.351057E-10  6.705282E-09  2.369356E-02
 29.6319
  1.130173E-02  7.712931E-09  8.486150E-09  2.472605E-09  2.900253E-03  -6.700832E-09
  6.699773E-09  3.822433E-01  -7.548797E-08  -5.442964E-03  8.625483E-09  -3.094407E-09
  -4.082988E-09  7.528103E-08  1.148683E+00  8.662469E-09  -1.960697E-08  -2.794163E-08
  3.223131E-10  -6.642897E-04  5.858180E-09  1.752310E-02  1.808917E-09  1.464376E-09
  9.573654E-04  7.816831E-09  1.097616E-08  3.040396E-09  5.174826E-02  -2.982417E-09
  -2.145693E-09  -6.939171E-09  -7.982171E-09  -9.602677E-11  7.276300E-09  1.810332E-02
 29.9664
  1.097107E-02  7.559144E-09  8.429485E-09  2.343983E-09  2.893003E-03  -6.722852E-09
  8.636796E-09  2.896187E-01  -7.095787E-08  -9.701800E-03  6.205473E-09  -5.655000E-09
  -3.844081E-09  2.251095E-08  1.148678E+00  7.834805E-09  -2.130948E-08  -2.837882E-08
  5.133539E-11  -2.140455E-03  6.309444E-09  1.747378E-02  2.001586E-09  1.201664E-09
  9.997206E-04  1.159132E-08  8.634205E-09  3.069320E-09  5.208322E-02  -4.330657E-10
  -2.108338E-09  -7.943236E-09  -5.406942E-09  -3.512808E-10  7.616137E-09  1.421821E-02
 30.3008
  1.076520E-02  5.082072E-09  8.016026E-09  1.898273E-09  2.775559E-03  -6.210336E-09
  9.779636E-09  2.407859E-01  -5.752195E-08  -1.228653E-02  3.618283E-09  -6.732258E-09
  -4.178192E-09  -2.587730E-08  1.142973E+00  7.097084E-09  -2.262863E-08  -2.761454E-08
  -1.235119E-10  -3.418412E-03  6.324154E-09  1.743249E-02  2.024385E-09  1.049933E-09
  1.061368E-03  1.528752E-08  4.418469E-09  2.878875E-09  5.221074E-02  1.918196E-09
  -1.668349E-09  -5.845259E-09  -2.442157E-09  -4.286337E-10  7.660819E-09  1.218573E-02
 30.6353
  1.063351E-02  9.007074E-10  7.048374E-09  1.337257E-09  2.619891E-03  -5.226338E-09
  1.004358E-08  2.331832E-01  -4.284922E-08  -1.322930E-02  2.135203E-09  -6.250892E-09
  -3.907105E-09  -6.336020E-08  1.132987E+00  6.333958E-09  -2.326517E-08  -2.558199E-08
  -2.172484E-10  -4.539249E-03  5.650404E-09  1.738849E-02  2.025596E-09  9.213469E-10
  1.128088E-03  1.795420E-08  -1.922724E-10  2.610650E-09  5.213950E-02  3.520459E-09
  -1.351169E-09  -1.114924E-09  -3.146670E-11  -2.319940E-10  7.319051E-09  1.191267E-02
 30.9697
  1.054135E-02  -5.152287E-09  6.043907E-09  7.118074E-10  2.452971E-03  -4.435665E-09
  9.200011E-09  2.612696E-01  -2.642089E-08  -1.272173E-02  -2.478206E-10  -4.311312E-09
  -2.683127E-09  -9.553840E-08  1.123196E+00  5.893291E-09  -2.238303E-08  -2.151788E-08
  -1.426598E-10  -5.590242E-03  4.469133E-09  1.733390E-02  1.958190E-09  8.362011E-10
  1.199937E-03  2.029291E-08  -5.217821E-09  2.247508E-09  5.197552E-02  4.470198E-09
  -9.449502E-10  4.496084E-09  2.959490E-09  -3.669204E-11  6.673394E-09  1.319427E-02
 31.3042
  1.042908E-02  -1.226086E-08  4.907895E-09  1.344301E-10  2.235438E-03  -3.942536E-09
  7.687836E-09  3.166600E-01  -1.128194E-08  -1.110482E-02  -1.975231E-09  -1.706792E-09
  -5.378968E-10  -1.245571E-07  1.114908E+00  5.553656E-09  -2.069748E-08  -1.807612E-08
  -6.492493E-11  -6.702810E-03  3.730846E-09  1.726776E-02  1.997491E-09  6.885231E-10
  1.269195E-03  2.267974E-08  -9.526645E-09  1.888043E-09  5.174854E-02  4.834588E-09
  -5.530004E-10  1.028698E-08  5.964461E-09  1.873303E-10  5.763014E-09  1.572346E-02
 31.6387
  1.024878E-02  -1.825994E-08  3.176838E-09  -3.905084E-10  2.096164E-03  -3.597756E-09
  6.255188E-09  3.864869E-01  -1.991341E-09  -8.859580E-03  -2.606859E-09  3.281599E-10
  8.191066E-10  -1.431940E-07  1.110070E+00  5.309533E-09  -1.796537E-08  -1.291396E-08
  2.043836E-10  -7.505464E-03  3.406062E-09  1.720804E-02  1.975555E-09  2.224734E-10
  1.339945E-03  2.590808E-08  -1.226000E-08  1.535942E-09  5.153727E-02  4.838972E-09
  -1.550534E-10  1.521410E-08  8.165446E-09  4.098608E-10  5.052063E-09  1.906601E-02
 31.9731
  1.001428E-02  -2.224971E-08  9.094982E-10  -8.863184E-10  1.972535E-03  -3.524233E-09
  3.854691E-09  4.586447E-01  4.621674E-09  -6.433913E-03  -2.544469E-09  8.854276E-10
  2.987964E-09  -1.498870E-07  1.108930E+00  5.494648E-09  -1.352323E-08  -7.262779E-09
  5.815120E-10  -7.466173E-03  3.852989E-09  1.716496E-02  1.986356E-09  -2.869880E-10
  1.415388E-03  2.857122E-08  -1.159447E-08  1.245483E-09  5.128658E-02  4.374383E-09
  2.211313E-10  1.819891E-08  9.882359E-09  6.251823E-10  4.386018E-09  2.271309E-02
 32.3076
  9.780795E-03  -2.589796E-08  -1.357144E-09  -1.272772E-09  1.886141E-03  -3.658088E-09
  1.305505E-09  5.223884E-01  4.628888E-09  -4.274344E-03  -3.249111E-09  2.424038E-10
  4.900916E-09  -1.464913E-07  1.112576E+00  6.319418E-09  -8.167178E-09  1.619070E-10
  9.444417E-10  -6.816428E-03  4.551607E-09  1.714336E-02  1.969391E-09  -8.534041E-10
  1.495199E-03  3.021937E-08  -9.088690E-09  9.576741E-10  5.110571E-02  3.703968E-09
  5.682220E-10  1.972193E-08  1.218944E-08  8.766023E-10  3.726403E-09  2.611321E-02
 32.6420
  9.599084E-03  -2.810742E-08  -3.011813E-09  -1.541707E-09  1.777642E-03  -3.937699E-09
  -9.693325E-10  5.673919E-01  -1.043063E-09  -2.790305E-03  -3.540434E-09  -1.903250E-09
  6.038895E-09  -1.381181E-07  1.123330E+00  7.191133E-09  -3.262773E-09  5.687573E-09
  1.445421E-09  -5.818524E-03  5.255803E-09  1.715025E-02  2.016643E-09  -1.462781E-09
  1.565018E-03  3.013242E-08  -5.591377E-09  7.824030E-10  5.107062E-02  2.788624E-09
  7.099214E-10  1.896442E-08  1.442433E-08  1.052465E-09  3.148748E-09  2.879753E-02
 32.9765
  9.489546E-03  -2.845901E-08  -4.578800E-09  -1.625527E-09  1.608089E-03  -4.240917E-09
  -2.281549E-09  5.851029E-01  -1.298390E-08  -2.287708E-03  -3.917722E-09  -3.543092E-09
  6.416933E-09  -1.321196E-07  1.139937E+00  8.073071E-09  1.243155E-09  9.653263E-09
  2.043625E-09  -4.745318E-03  5.958437E-09  1.719580E-02  2.095189E-09  -2.240289E-09
  1.615821E-03  2.847889E-08  -3.613271E-10  6.765891E-10  5.121501E-02  1.550697E-09
  9.195601E-10  1.746793E-08  1.768029E-08  1.080974E-09  2.702137E-09  3.036631E-02
 33.3109
  9.429257E-03  -2.678892E-08  -6.163004E-09  -1.581608E-09  1.383993E-03  -4.265622E-09
  -3.158571E-09  5.712566E-01  -2.837320E-08  -2.819473E-03  -3.633845E-09  -4.808694E-09
  6.209334E-09  -1.245455E-07  1.161161E+00  8.139273E-09  7.273052E-09  1.199171E-08
  2.466555E-09  -3.757931E-03  6.955843E-09  1.729435E-02  2.091023E-09  -2.879330E-09
  1.648901E-03  2.555616E-08  6.407787E-09  6.260262E-10  5.157107E-02  2.680454E-10
  1.178960E-09  1.492524E-08  2.142176E-08  9.093524E-10  2.495418E-09  3.054950E-02
 33.6454
  9.427325E-03  -2.428086E-08  -7.020382E-09  -1.468382E-09  1.144276E-03  -3.892619E-09
  -2.903417E-09  5.265589E-01  -4.133483E-08  -4.227804E-03  -3.969699E-09  -6.824544E-09
  6.024801E-09  -1.158148E-07  1.185512E+00  7.591645E-09  1.373853E-08  1.417510E-08
  2.851993E-09  -3.033414E-03  7.651568E-09  1.744455E-02  2.066741E-09  -3.522276E-09
  1.686852E-03  2.300312E-08  1.198967E-08  7.179852E-10  5.210405E-02  -9.895536E-10
  1.473917E-09  1.092495E-08  2.428902E-08  6.601781E-10  2.478203E-09  2.925663E-02
 33.9798
  9.486509E-03  -1.877005E-08  -7.254079E-09  -1.239582E-09  8.906224E-04  -3.302989E-09
  -2.625894E-09  4.715758E-01  -5.576875E-08  -5.458311E-03  -4.506435E-09  -8.671644E-09
  5.602235E-09  -1.171894E-07  1.211402E+00  6.429744E-09  1.886110E-08  1.464967E-08
  3.041017E-09  -2.526135E-03  8.260769E-09  1.764463E-02  1.890786E-09  -4.021773E-09
  1.726734E-03  2.400266E-08  1.703969E-08  7.866168E-10  5.277002E-02  -2.303013E-09
  1.706917E-09  7.535058E-09  2.470548E-08  3.850062E-10  2.400270E-09  2.718078E-02
 34.3143
  9.576664E-03  -1.178270E-08  -7.120423E-09  -1.004033E-09  6.445631E-04  -2.598625E-09
  -2.448334E-09  4.223344E-01  -6.266139E-08  -6.489607E-03  -5.558971E-09  -1.065164E-08
  4.551080E-09  -1.205426E-07  1.235922E+00  4.449971E-09  2.184135E-08  1.327188E-08
  3.328056E-09  -2.128563E-03  7.483167E-09  1.792533E-02  1.653351E-09  -4.245334E-09
  1.756841E-03  2.551637E-08  1.895065E-08  6.201968E-10  5.352930E-02  -3.018164E-09
  1.744647E-09  4.625532E-09  2.318504E-08  7.758472E-11  2.424989E-09  2.473517E-02
 34.6487
  9.681687E-03  -5.982971E-09  -6.244715E-09  -8.573997E-10  4.554007E-04  -1.693971E-09
  5.311681E-10  3.967886E-01  -6.736676E-08  -6.760548E-03  -5.383403E-09  -1.099421E-08
  1.309335E-09  -1.148166E-07  1.256421E+00  2.589626E-09  2.197068E-08  1.142047E-08
  3.585879E-09  -1.716978E-03  6.128394E-09  1.824169E-02  1.323321E-09  -4.170486E-09
  1.777554E-03  2.661741E-08  1.817545E-08  4.579080E-10  5.430268E-02  -3.614373E-09
  1.821099E-09  5.313562E-09  2.096893E-08  -1.395282E-10  2.272062E-09  2.285270E-02
 34.9832
  9.800641E-03  -1.535423E-09  -5.023515E-09  -7.748705E-10  3.474008E-04  -6.481997E-10
  2.795742E-09  3.880934E-01  -6.715259E-08  -6.571372E-03  -5.710459E-09  -9.532306E-09
  -2.314060E-09  -1.087332E-07  1.271593E+00  6.230553E-10  2.197112E-08  8.987162E-09
  3.894741E-09  -1.446162E-03  4.441183E-09  1.855863E-02  1.006954E-09  -3.761917E-09
  1.790742E-03  2.664455E-08  1.486174E-08  1.745569E-10  5.499781E-02  -4.516676E-09
  2.030658E-09  7.246791E-09  1.786038E-08  -3.070282E-10  2.056977E-09  2.165231E-02
 35.3176
  9.920539E-03  2.653604E-09  -3.904010E-09  -5.619304E-10  3.252598E-04  4.504921E-10
  5.103990E-09  3.954802E-01  -6.832525E-08  -5.731014E-03  -6.447353E-09  -7.918516E-09
  -4.221533E-09  -1.004404E-07  1.281293E+00  -7.414865E-10  2.155187E-08  6.285176E-09
  4.109201E-09  -1.357454E-03  1.992472E-09  1.884584E-02  7.640510E-10  -3.234801E-09
  1.797063E-03  2.577166E-08  9.790874E-09  -1.255500E-10  5.555488E-02  -5.541244E-09
  1.747955E-09  9.515922E-09  1.418699E-08  -4.555628E-10  1.600104E-09  2.106181E-02
 35.6521
  1.003098E-02  5.644781E-09  -2.436130E-09  -2.872598E-10  3.626496E-04  1.243626E-09
  6.310011E-09  4.159351E-01  -6.773345E-08  -4.432993E-03  -7.514172E-09  -5.809899E-09
  -4.856409E-09  -9.421430E-08  1.285696E+00  -1.380342E-09  2.045397E-08  5.487674E-09
  4.212768E-09  -1.471823E-03  -1.742125E-10  1.908390E-02  6.411844E-10  -2.587711E-09
  1.805062E-03  2.506429E-08  3.239590E-09  -5.340097E-10  5.592432E-02  -6.152682E-09
  1.590775E-09  1.185585E-08  9.948439E-09  -6.835573E-10  1.144278E-09  2.106504E-02
 35.9866
  1.012933E-02  8.444618E-09  -1.185821E-09  1.182074E-10  4.516610E-04  1.847404E-09
  6.834121E-09  4.451551E-01  -6.771594E-08  -2.900109E-03  -8.128526E-09  -3.789581E-09
  -4.940696E-09  -8.646529E-08  1.285313E+00  -1.767514E-09  1.812129E-08  5.674892E-09
  4.048595E-09  -1.701435E-03  -1.785518E-09  1.926619E-02  6.090550E-10  -1.955559E-09
  1.816165E-03  2.319721E-08  -3.149343E-09  -1.000827E-09  5.610368E-02  -6.388648E-09
  1.414070E-09  1.425272E-08  4.774747E-09  -8.974865E-10  7.757785E-10  2.149905E-02
 36.3210
  1.021899E-02  1.238561E-08  1.735790E-10  6.390428E-10  5.897244E-04  2.350976E-09
  6.445955E-09  4.775447E-01  -6.659818E-08  -1.369241E-03  -9.115547E-09  -2.205324E-09
  -5.179492E-09  -7.898645E-08  1.280985E+00  -1.972395E-09  1.476149E-08  6.844124E-09
  3.727709E-09  -1.772951E-03  -3.233078E-09  1.939562E-02  4.241045E-10  -1.497738E-09
  1.833601E-03  1.881243E-08  -7.417121E-09  -1.504092E-09  5.610202E-02  -6.119346E-09
  1.219648E-09  1.614053E-08  -6.352401E-10  -1.049159E-09  6.449212E-10  2.214544E-02
 36.6555
  1.031348E-02  1.721759E-08  1.344137E-09  1.240616E-09  7.761701E-04  2.691671E-09
  4.571032E-09  5.086699E-01  -6.588138E-08  -2.643002E-05  -1.072550E-08  -6.083918E-10
  -4.415838E-09  -7.084644E-08  1.274940E+00  -2.143102E-09  1.123215E-08  6.395050E-09
  3.144823E-09  -1.601786E-03  -4.255636E-09  1.947220E-02  8.013047E-11  -9.374810E-10
  1.854444E-03  1.107445E-08  -1.056016E-08  -2.071889E-09  5.596973E-02  -5.626971E-09
  1.023929E-09  1.759304E-08  -5.935025E-09  -1.102949E-09  5.969247E-10  2.276834E-02
 36.9899
  1.042790E-02  2.240445E-08  2.384107E-09  1.907031E-09  9.825478E-04  3.012432E-09
  2.100548E-09  5.341231E-01  -6.591860E-08  9.506297E-04  -1.287023E-08  5.943247E-11
  -4.421265E-09  -6.316948E-08  1.269010E+00  -2.537109E-09  6.975118E-09  5.221055E-09
  2.370554E-09  -1.432624E-03  -4.950041E-09  1.950121E-02  -5.017684E-10  -5.619528E-10
  1.877112E-03  -4.316608E-10  -1.171660E-08  -2.703576E-09  5.580774E-02  -5.003676E-09
  7.715734E-10  1.885334E-08  -1.019383E-08  -1.063467E-09  6.944192E-10  2.314309E-02
 37.3244
  1.055277E-02  2.443543E-08  3.323443E-09  2.178205E-09  1.182505E-03  3.312042E-09
  -1.337083E-09  5.493637E-01  -6.668363E-08  1.425570E-03  -1.545076E-08  9.735199E-11
  -5.004366E-09  -5.739573E-08  1.264879E+00  -3.520044E-09  2.264733E-09  1.704893E-09
  1.577956E-09  -1.330264E-03  -4.826777E-09  1.949444E-02  -1.237171E-09  -4.174569E-10
  1.898633E-03  -1.528878E-08  -1.091439E-08  -2.875402E-09  5.565751E-02  -4.123892E-09
  4.207476E-10  1.923459E-08  -1.370365E-08  -9.984441E-10  9.232161E-10  2.309819E-02
 37.6588
  1.068137E-02  2.631503E-08  4.158667E-09  2.441293E-09  1.369961E-03  3.656295E-09
  -5.318928E-09  5.507971E-01  -6.956123E-08  1.321633E-03  -1.708732E-08  9.336177E-11
  -4.501407E-09  -5.115508E-08  1.262544E+00  -5.113085E-09  -1.771271E-09  -2.783622E-09
  7.082897E-10  -1.346931E-03  -4.523504E-09  1.949043E-02  -1.547108E-09  -4.591601E-10
  1.920856E-03  -3.162301E-08  -7.415123E-09  -3.024384E-09  5.555627E-02  -3.399725E-09
  1.255544E-10  1.888510E-08  -1.432561E-08  -9.319395E-10  1.109250E-09  2.249148E-02
 37.9933
  1.080380E-02  2.887888E-08  4.921507E-09  2.700049E-09  1.532100E-03  3.954068E-09
  -9.922192E-09  5.320042E-01  -6.831775E-08  5.718902E-04  -1.929506E-08  -7.558389E-10
  -4.055509E-09  -4.450891E-08  1.262937E+00  -7.175105E-09  -4.483970E-09  -6.870170E-09
  -2.879231E-10  -1.555928E-03  -3.546749E-09  1.945712E-02  -2.161813E-09  -6.921032E-10
  1.955815E-03  -4.657276E-08  -2.032752E-09  -3.066804E-09  5.552491E-02  -2.511278E-09
  -1.321114E-10  1.711767E-08  -1.511804E-08  -9.005224E-10  1.461017E-09  2.106460E-02
 38.3277
  1.091311E-02  3.064161E-08  5.652010E-09  2.860023E-09  1.681413E-03  4.168999E-09
  -1.410472E-08  5.052188E-01  -6.694573E-08  -5.127857E-04  -2.107924E-08  -2.177583E-09
  -3.526819E-09  -3.789634E-08  1.265064E+00  -9.143327E-09  -6.516320E-09  -1.014402E-08
  -1.100657E-09  -1.840554E-03  -2.529382E-09  1.942332E-02  -2.653094E-09  -9.988497E-10
  1.998091E-03  -5.737120E-08  3.085398E-09  -3.024489E-09  5.556082E-02  -1.699489E-09
  -3.739194E-10  1.461707E-08  -1.531682E-08  -8.790601E-10  1.779402E-09  1.950257E-02
 38.6622
  1.100337E-02  3.138096E-08  6.368731E-09  2.905034E-09  1.814560E-03  4.278566E-09
  -1.744242E-08  4.722604E-01  -6.577918E-08  -1.869218E-03  -2.222532E-08  -4.198385E-09
  -2.942778E-09  -3.132877E-08  1.269078E+00  -1.081081E-08  -7.760005E-09  -1.204740E-08
  -1.614663E-09  -2.189626E-03  -1.640580E-09  1.939848E-02  -2.947915E-09  -1.345164E-09
  2.048494E-03  -6.202137E-08  7.089406E-09  -2.907610E-09  5.568212E-02  -1.038923E-09
  -5.938533E-10  1.144048E-08  -1.500141E-08  -8.752215E-10  2.014557E-09  1.795764E-02
 38.9966
  1.106867E-02  3.087470E-08  7.090225E-09  2.818903E-09  1.928203E-03  4.260246E-09
  -1.951124E-08  4.349485E-01  -6.515210E-08  -3.434229E-03  -2.251873E-08  -6.844759E-09
  -2.330827E-09  -2.481762E-08  1.275131E+00  -1.197060E-08  -8.106706E-09  -1.202251E-08
  -1.714693E-09  -2.591958E-03  -1.049515E-09  1.939204E-02  -2.973245E-09  -1.696809E-09
  2.107836E-03  -5.852630E-08  9.129348E-09  -2.726334E-09  5.590693E-02  -6.041419E-10
  -7.858968E-10  7.645095E-09  -1.425131E-08  -8.966752E-10  2.116640E-09  1.658208E-02
 39.3311
  1.110306E-02  2.890055E-08  7.835046E-09  2.585451E-09  2.019002E-03  4.091518E-09
  -1.988709E-08  3.951028E-01  -6.539848E-08  -5.144643E-03  -2.174494E-08  -1.014322E-08
  -1.718408E-09  -1.837430E-08  1.283373E+00  -1.241575E-08  -7.448107E-09  -9.511578E-09
  -1.285499E-09  -3.036370E-03  -9.253621E-10  1.941346E-02  -2.656049E-09  -2.019551E-09
  2.176927E-03  -4.488902E-08  8.355304E-09  -2.490830E-09  5.625336E-02  -4.697105E-10
  -9.440337E-10  3.288086E-09  -1.314600E-08  -9.510900E-10  2.035803E-09  1.552816E-02
 39.6655
  1.110062E-02  2.523629E-08  8.621750E-09  2.188497E-09  2.083616E-03  3.749858E-09
  -1.814589E-08  3.545428E-01  -6.685232E-08  -6.937282E-03  -1.968939E-08  -1.412028E-08
  -1.132963E-09  -1.201021E-08  1.293956E+00  -1.193933E-08  -5.675890E-09  -3.956808E-09
  -2.118321E-10  -3.511676E-03  -1.437296E-09  1.947218E-02  -1.923295E-09  -2.279151E-09
  2.256579E-03  -1.911256E-08  3.917352E-09  -2.211266E-09  5.673953E-02  -7.101920E-10
  -1.062248E-09  -1.573360E-09  -1.176496E-08  -1.046134E-09  1.722202E-09  1.494812E-02
 40.0000
  1.105542E-02  1.965964E-08  9.468891E-09  1.611861E-09  2.118707E-03  3.212745E-09
  -1.386358E-08  3.150879E-01  -6.984762E-08  -8.748970E-03  -1.613754E-08  -1.880245E-08
  -6.019321E-10  -5.736783E-09  1.307033E+00  -1.033438E-08  -2.681739E-09  5.199581E-09
  1.621555E-09  -4.006694E-03  -2.754491E-09  1.957764E-02  -7.019487E-10  -2.441376E-09
  2.347603E-03  2.080005E-08  -5.034431E-09  -1.897813E-09  5.738353E-02  -1.400150E-09
  -1.134522E-09  -6.882062E-09  -1.018768E-08  -1.189477E-09  1.125992E-09  1.499425E-02
