VARIABLES="Frequency (rad/s)" "|Fx| (N/m)" "|Fy| (N/m)" "|Fz| (N/m)" "|Cx| (N)" "|Cy| (N)" "|Cz| (N)" "ang(Fx) (°)" "ang(Fy) (°)" "ang(Fz) (°)" "ang(Cx) (°)" "ang(Cy) (°)" "ang(Cz) (°)"
Zone t="Corps  1"
Zone t="Excitation force - beta =   0.000 deg",I=   120,F=POINT
 0.2000  0.966103E+00  0.358489E-05  0.735336E+03  0.167582E-05  0.219772E+01  0.118151E-05  -90.00    0.26   -0.00 -177.41  -90.00 -179.53
 0.5345  0.258937E+01  0.115477E-05  0.733016E+03  0.929590E-06  0.588735E+01  0.219998E-06  -90.00  179.74   -0.03   14.79  -90.00   -5.00
 0.8689  0.423358E+01  0.148603E-04  0.728810E+03  0.471714E-05  0.961699E+01  0.404777E-06  -90.00 -179.73   -0.09    2.41  -90.00    4.79
 1.2034  0.591288E+01  0.102391E-05  0.722750E+03  0.210660E-05  0.134128E+02  0.345719E-06  -90.00  159.26   -0.18 -178.56  -90.00 -134.91
 1.5378  0.764158E+01  0.100657E-04  0.714802E+03  0.124442E-05  0.173026E+02  0.109473E-05  -90.00 -178.08   -0.30 -140.86  -90.00  172.81
 1.8723  0.943487E+01  0.580050E-05  0.704909E+03  0.386275E-05  0.213166E+02  0.515744E-06  -90.00  178.38   -0.48 -165.59  -90.00 -151.86
 2.2067  0.113084E+02  0.516268E-05  0.692971E+03  0.105379E-05  0.254866E+02  0.656627E-06  -90.00   -6.45   -0.72  158.11  -90.00  162.05
 2.5412  0.132778E+02  0.140767E-04  0.678894E+03  0.342711E-05  0.298455E+02  0.212042E-05  -90.00   -2.08   -1.05  178.43  -90.00    6.21
 2.8756  0.153558E+02  0.112468E-05  0.662573E+03  0.205105E-05  0.344241E+02  0.147430E-05  -90.01  103.65   -1.48  178.61  -90.01  177.25
 3.2101  0.175502E+02  0.781695E-06  0.643956E+03  0.257362E-05  0.392452E+02  0.456208E-06  -90.03  157.45   -2.06  128.65  -90.03 -115.11
 3.5445  0.198567E+02  0.636528E-05  0.623014E+03  0.598321E-05  0.443134E+02  0.419227E-06  -90.07  -18.07   -2.83  -12.00  -90.07 -147.14
 3.8790  0.222504E+02  0.369131E-05  0.599955E+03  0.140356E-05  0.496003E+02  0.716910E-06  -90.15  166.59   -3.83 -178.01  -90.15 -167.71
 4.2134  0.246766E+02  0.318095E-05  0.574992E+03  0.475861E-05  0.550274E+02  0.159821E-05  -90.30    7.14   -5.09   -2.66  -90.29   45.51
 4.5479  0.270435E+02  0.510179E-05  0.548434E+03  0.269947E-05  0.604552E+02  0.545821E-06  -90.55  140.44   -6.63  107.88  -90.54   30.86
 4.8824  0.292260E+02  0.859717E-05  0.520552E+03  0.359629E-05  0.656902E+02  0.133850E-06  -90.97   -6.40   -8.43   -9.12  -90.94 -111.51
 5.2168  0.310769E+02  0.447452E-05  0.491457E+03  0.374302E-05  0.705072E+02  0.328756E-06  -91.62 -159.81  -10.49 -157.61  -91.56   38.98
 5.5513  0.324511E+02  0.408037E-05  0.461132E+03  0.237741E-05  0.746961E+02  0.108425E-06  -92.57  164.29  -12.75  173.79  -92.45  -60.48
 5.8857  0.332229E+02  0.103085E-04  0.429428E+03  0.736166E-05  0.780860E+02  0.975437E-06  -93.91  137.83  -15.19 -134.59  -93.67  104.81
 6.2202  0.333001E+02  0.456527E-05  0.396071E+03  0.384021E-05  0.805756E+02  0.108306E-05  -95.72   41.61  -17.77   81.15  -95.26   87.57
 6.5546  0.326272E+02  0.498817E-06  0.361095E+03  0.269236E-05  0.821213E+02  0.260610E-05  -98.10 -129.54  -20.53 -125.05  -97.26  103.80
 6.8891  0.311848E+02  0.150082E-05  0.324314E+03  0.390686E-05  0.827303E+02  0.528053E-06 -101.17 -138.89  -23.47   84.47  -99.68   -1.00
 7.2235  0.289900E+02  0.949133E-05  0.285840E+03  0.497532E-05  0.824472E+02  0.256978E-05 -105.12   71.40  -26.67  165.22 -102.50   52.31
 7.5580  0.261032E+02  0.110579E-04  0.246005E+03  0.547156E-05  0.813262E+02  0.101619E-05 -110.23 -113.70  -30.28  -66.95 -105.71  -84.04
 7.8924  0.226330E+02  0.133385E-04  0.205626E+03  0.511372E-05  0.794221E+02  0.261368E-05 -117.02  -10.76  -34.52   51.08 -109.26  -41.51
 8.2269  0.187862E+02  0.551690E-05  0.165534E+03  0.313483E-05  0.768041E+02  0.277965E-05 -126.48   23.46  -39.78   70.18 -113.11  109.39
 8.5613  0.149133E+02  0.118160E-04  0.126806E+03  0.565003E-05  0.735064E+02  0.178416E-05 -140.50  135.82  -46.78   67.28 -117.15  122.16
 8.8958  0.116735E+02  0.884077E-05  0.908711E+02  0.503736E-05  0.695672E+02  0.371188E-05 -162.34  -65.00  -57.22   69.59 -121.27 -168.12
 9.2303  0.101365E+02  0.943512E-05  0.604394E+02  0.999981E-05  0.649763E+02  0.269599E-05  166.06   10.41  -75.47  126.55 -125.21   -2.09
 9.5647  0.110788E+02  0.428223E-05  0.422566E+02  0.291423E-05  0.595617E+02  0.127685E-05  132.39 -139.68 -109.83   -6.16 -128.56 -155.10
 9.8992  0.140796E+02  0.534484E-05  0.435603E+02  0.312594E-05  0.527865E+02  0.354267E-05  106.11  -24.61 -150.96 -135.59 -130.66 -146.00
10.2336  0.185604E+02  0.164666E-04  0.553147E+02  0.729378E-05  0.435473E+02  0.285770E-05   88.08   -8.87 -176.86  152.85 -131.05   40.30
10.5681  0.236987E+02  0.145844E-04  0.674524E+02  0.499431E-05  0.311493E+02  0.418330E-05   77.42  143.35  167.81  140.01 -131.04  103.55
10.9025  0.275684E+02  0.835503E-05  0.772969E+02  0.536292E-05  0.175149E+02  0.378021E-05   71.63   53.23  157.34 -147.09 -136.53  118.20
11.2370  0.288032E+02  0.155839E-04  0.840661E+02  0.371959E-05  0.700888E+01  0.682073E-05   66.87  -59.27  150.33   27.55 -170.39  -58.88
11.5714  0.275878E+02  0.136732E-04  0.852777E+02  0.563904E-05  0.753937E+01  0.295147E-05   60.99  -11.53  147.04  104.77  107.05   57.29
11.9059  0.244593E+02  0.282344E-04  0.763710E+02  0.335317E-05  0.130801E+02  0.743107E-05   53.51  -46.22  146.68   55.90   80.05  -51.73
12.2403  0.195351E+02  0.216118E-04  0.573600E+02  0.352886E-05  0.175997E+02  0.947880E-06   44.04  100.32  145.38  137.81   68.01  -39.59
12.5748  0.126317E+02  0.165795E-04  0.353186E+02  0.256309E-05  0.207859E+02  0.329251E-05   28.15   79.28  137.65 -146.77   60.43   56.15
12.9092  0.696867E+01  0.199322E-04  0.169566E+02  0.830711E-05  0.221741E+02  0.433276E-05  -31.06  -68.70  112.52  -68.71   56.33 -152.66
13.2437  0.146601E+02  0.219269E-04  0.114445E+02  0.383328E-05  0.206006E+02  0.213034E-05  -87.50   48.27   36.62   83.38   54.68  106.97
13.5782  0.247026E+02  0.268136E-04  0.204640E+02  0.153008E-05  0.161834E+02  0.708994E-05  -97.18   60.84   -9.68 -144.63   52.52   32.66
13.9126  0.301023E+02  0.227734E-04  0.304808E+02  0.425094E-05  0.103366E+02  0.502041E-05 -101.04  -37.80  -26.53 -134.86   44.14  -21.54
14.2471  0.303375E+02  0.249665E-04  0.365885E+02  0.169799E-05  0.484524E+01  0.601117E-05 -105.88  120.11  -31.02  118.24   14.30  -13.37
14.5815  0.270830E+02  0.586577E-04  0.373944E+02  0.839754E-05  0.389232E+01  0.184829E-05 -114.72 -173.92  -35.91 -160.29  -58.88 -120.10
14.9160  0.209670E+02  0.368081E-04  0.316624E+02  0.665326E-05  0.663024E+01  0.131893E-04 -129.20 -105.59  -40.49  -84.80  -98.65  142.18
15.2504  0.141877E+02  0.139878E-04  0.217127E+02  0.198326E-05  0.935710E+01  0.636376E-06 -160.99 -102.27  -49.92  -38.53 -114.88  -70.41
15.5849  0.152333E+02  0.277093E-04  0.114886E+02  0.144917E-05  0.110060E+02  0.102833E-05  143.39 -154.36  -74.55   31.49 -123.48  -63.54
15.9193  0.243133E+02  0.105349E-04  0.741307E+01  0.189889E-05  0.107842E+02  0.963148E-06  115.60  -98.49 -147.44  161.30 -128.89   24.66
16.2538  0.313104E+02  0.155169E-04  0.135121E+02  0.179004E-05  0.860586E+01  0.397477E-05  104.03   95.02  161.84  103.60 -135.64    3.46
16.5882  0.330596E+02  0.137595E-04  0.204825E+02  0.189177E-05  0.540265E+01  0.236411E-05   94.07 -150.69  143.77 -134.65 -149.98  169.92
16.9227  0.303476E+02  0.765729E-05  0.244824E+02  0.112017E-05  0.257844E+01  0.274862E-05   80.95  -57.43  134.36  163.72  166.76 -101.23
17.2571  0.251143E+02  0.250237E-04  0.235824E+02  0.287087E-05  0.323234E+01  0.587887E-05   61.09   50.15  126.54  -70.79   85.11  100.70
17.5916  0.208095E+02  0.507821E-05  0.182999E+02  0.712451E-06  0.596338E+01  0.979715E-06   29.27   99.79  114.88  114.39   55.82   30.00
17.9261  0.218188E+02  0.145150E-04  0.108590E+02  0.216941E-05  0.828533E+01  0.550914E-05   -8.57   15.59   90.16  -64.67   42.95   32.66
18.2605  0.261857E+02  0.516719E-05  0.709284E+01  0.684289E-06  0.936200E+01  0.479230E-05  -35.89  156.71   10.26  121.93   33.73  129.55
18.5950  0.287784E+02  0.110283E-04  0.200067E+02  0.141682E-05  0.914071E+01  0.397686E-05  -55.60  149.39  -50.21  -51.17   22.58  -75.79
18.9294  0.278937E+02  0.736018E-04  0.457747E+03  0.761578E-06  0.969360E+01  0.743054E-05  -74.72 -150.11   28.49  -35.68    4.44  -44.87
19.2639  0.270300E+02  0.133930E-04  0.367655E+02  0.440506E-05  0.177251E+01  0.254557E-05  -96.06  -29.43  -46.36   99.14   72.72  172.80
19.5983  0.215970E+02  0.200497E-05  0.164883E+02  0.306765E-05  0.437186E+01  0.284516E-05 -117.03 -146.23   31.86  110.65 -110.87 -133.06
19.9328  0.199948E+02  0.325539E-04  0.862300E+01  0.167459E-05  0.551694E+01  0.138781E-05 -167.60  -54.39  -30.06   17.84  -59.06  168.60
20.2672  0.198782E+02  0.307140E-04  0.152705E+00  0.704221E-05  0.404025E+01  0.646850E-05  161.89    2.02    8.37  100.83 -113.99  132.33
20.6017  0.256495E+02  0.250593E-04  0.517265E+01  0.108752E-05  0.679685E+01  0.367337E-05  119.25  -56.66  176.36   79.47 -114.59   72.39
20.9361  0.279448E+02  0.409713E-04  0.103825E+02  0.331474E-05  0.195014E+01  0.114012E-04  112.59    5.39  145.93  102.54  -91.83 -131.06
21.2706  0.239976E+02  0.351779E-04  0.114023E+02  0.453051E-05  0.879155E-01  0.247490E-05   89.76  104.88  172.44  163.01   -0.45   12.98
21.6050  0.166840E+02  0.289161E-04  0.459298E+01  0.218218E-05  0.282322E+01  0.160209E-04   62.86   68.66  129.22   77.91   39.96  -96.93
21.9395  0.141040E+02  0.492678E-04  0.453784E+01  0.355526E-05  0.503902E+01  0.438434E-05   -4.63   58.93   72.02  170.14   46.29 -161.15
22.2740  0.240891E+02  0.454713E-04  0.473222E+01  0.198349E-05  0.552817E+01  0.132257E-04  -42.21 -136.19   14.70  -69.25   50.65  106.07
22.6084  0.287763E+02  0.298741E-04  0.902172E+01  0.524738E-05  0.413600E+01  0.227114E-04  -58.55  124.26  -24.74  172.96   51.08  -73.95
22.9429  0.259514E+02  0.129687E-03  0.124945E+02  0.108105E-04  0.182229E+01  0.143020E-04  -78.24   56.46  -28.81   78.73   44.05  163.95
23.2773  0.205286E+02  0.425646E-04  0.107747E+02  0.421857E-05  0.932175E+00  0.802860E-05 -112.58   65.32  -29.57   68.71  -99.31 -166.16
23.6118  0.202626E+02  0.230765E-04  0.648827E+01  0.204097E-05  0.234322E+01  0.159636E-04 -154.17 -153.56  -35.22  -45.80 -120.67   84.78
23.9462  0.240481E+02  0.354901E-04  0.181999E+01  0.284029E-05  0.399900E+01  0.246065E-05  166.10   20.00  -26.63 -140.74 -124.47 -156.96
24.2807  0.254109E+02  0.359201E-04  0.440632E+01  0.328473E-05  0.332995E+01  0.815238E-05  141.53  -33.83  103.97  150.29 -119.67  116.07
24.6151  0.230060E+02  0.316504E-04  0.100302E+02  0.311173E-05  0.196707E+01  0.433341E-05  113.40   73.46  122.48 -133.41 -115.16 -164.63
24.9496  0.193334E+02  0.121404E-04  0.974131E+01  0.682663E-05  0.108835E+01  0.282488E-05   79.54  158.66  135.18  -70.33  -68.67   11.01
25.2840  0.160783E+02  0.391092E-04  0.693533E+01  0.392838E-05  0.233102E+01  0.563812E-05   33.89 -114.94  143.24  -47.09  -21.95  144.36
25.6185  0.191215E+02  0.289459E-04  0.738955E+01  0.175488E-05  0.375595E+01  0.102880E-04  -14.60  -12.47  165.33  147.85  -12.61  100.77
25.9529  0.210774E+02  0.444666E-04  0.299505E+02  0.426641E-05  0.476024E+01  0.201701E-04  -42.70   86.97  171.05 -112.88    3.12  -72.85
26.2874  0.162657E+02  0.863704E-04  0.114334E+03  0.503150E-05  0.204942E+02  0.720149E-04  -91.16   43.51  -43.62  -10.49  -41.45  155.24
26.6218  0.182056E+02  0.172918E-03  0.350915E+02  0.647366E-05  0.300658E+01  0.512198E-04 -118.60  -88.16  -14.25  -25.16  -53.73  170.86
26.9563  0.155953E+02  0.974934E-04  0.126192E+02  0.606220E-05  0.553801E+01  0.136627E-04 -168.23   55.48  -27.49  142.46 -119.59  -84.56
27.2908  0.215131E+02  0.656089E-04  0.899624E+00  0.189575E-05  0.737044E+01  0.107257E-04  149.04  106.12   92.51 -163.49 -116.48  -17.60
27.6252  0.225336E+02  0.119207E-03  0.106523E+02  0.106660E-05  0.623661E+01  0.700140E-05  122.63  -38.08  139.38   22.65 -117.35   90.87
27.9597  0.191649E+02  0.599496E-04  0.150129E+02  0.681019E-05  0.426460E+01  0.118418E-05   87.81  101.82  137.42 -161.56 -125.45   14.96
28.2941  0.163879E+02  0.775552E-04  0.151722E+02  0.167375E-05  0.285557E+01  0.755520E-05   44.39    1.80  122.79 -164.59 -120.48  -84.29
28.6286  0.179622E+02  0.116627E-03  0.145933E+02  0.605980E-05  0.985255E+00  0.169049E-04   -5.97  -51.00  107.51    4.31  -68.05  156.19
28.9630  0.191778E+02  0.889680E-04  0.113575E+02  0.231179E-05  0.154962E+01  0.599798E-04  -44.08  176.61   97.02  108.87   -3.30   96.42
29.2975  0.184330E+02  0.425890E-04  0.797922E+01  0.721587E-05  0.202332E+01  0.135637E-04  -80.74    2.16   70.58  -78.12   -4.70  103.26
29.6319  0.158225E+02  0.236820E-04  0.585629E+01  0.336700E-05  0.163142E+01  0.166769E-04 -124.27  -99.36   60.21  -14.61   -2.04  133.00
29.9664  0.160013E+02  0.385528E-04  0.193615E+01  0.436333E-05  0.648311E+00  0.100635E-04 -175.70  127.06   36.01 -169.43  -86.91  -17.34
30.3008  0.175970E+02  0.210421E-04  0.469786E+01  0.130310E-05  0.138701E+01  0.461341E-05  141.72  -40.92   22.98  -58.73 -113.10 -170.08
30.6353  0.171786E+02  0.270692E-04  0.648262E+01  0.789163E-06  0.811256E+00  0.974907E-05  102.97  157.42  106.29  129.96 -121.75 -179.98
30.9697  0.152167E+02  0.106155E-04  0.487464E+01  0.196122E-05  0.510293E+00  0.124861E-04   57.90   93.03  131.19  177.64   82.29   88.25
31.3042  0.153365E+02  0.431584E-04  0.324248E+01  0.128298E-05  0.268545E+01  0.998018E-05    5.65 -139.06  129.64    5.05   64.29    9.53
31.6387  0.169858E+02  0.512257E-04  0.765469E+01  0.631593E-05  0.696335E+01  0.941407E-05  -36.95  170.18 -159.64 -173.64   75.68   72.13
31.9731  0.163754E+02  0.650481E-04  0.249003E+02  0.304075E-05  0.382172E+01  0.992208E-05  -83.47  -84.38 -148.74  -67.58  -61.01  175.09
32.3076  0.151352E+02  0.682274E-04  0.882544E+01  0.115012E-05  0.183052E+01  0.100918E-04 -125.17   -2.02 -123.19  -28.61   33.92  -74.22
32.6420  0.137272E+02  0.470053E-04  0.247356E+01  0.266292E-05  0.142901E+01  0.902435E-05 -176.78 -162.83  -81.19  -40.04   95.09   -1.05
32.9765  0.153959E+02  0.143063E-03  0.264559E+01  0.466582E-05  0.116740E+01  0.142417E-04  132.88    0.15   14.42  -23.42 -168.78   -1.99
33.3109  0.148822E+02  0.324212E-04  0.553377E+01  0.775301E-06  0.575048E+00  0.118903E-04   90.67   61.22   60.14  -54.95 -110.47 -122.78
33.6454  0.132360E+02  0.444253E-04  0.568415E+01  0.236458E-05  0.663077E+00  0.105759E-04   42.17  104.14  112.07   94.33  -30.70   91.50
33.9798  0.128085E+02  0.116461E-03  0.833393E+00  0.812111E-05  0.149385E+01  0.856874E-05  -13.76  117.48  -81.24  121.05   12.15 -123.08
34.3143  0.140974E+02  0.931366E-04  0.526136E+01  0.375539E-05  0.947050E+00  0.307777E-04  -62.66 -171.46  -21.72  -99.91   59.18   35.86
34.6487  0.134434E+02  0.328138E-04  0.557887E+01  0.486470E-06  0.353721E+00  0.383787E-05 -107.73  -69.15    5.50  149.13 -109.98  -72.40
34.9832  0.118091E+02  0.160433E-04  0.111536E+01  0.177060E-05  0.121701E+01  0.171035E-05 -161.18  151.73   21.20   74.93  -99.12 -126.04
35.3176  0.126735E+02  0.411404E-04  0.135035E+01  0.149448E-05  0.890122E+00  0.472196E-05  142.34   60.12 -173.76   67.38  -86.22   94.75
35.6521  0.132125E+02  0.108885E-03  0.207956E+01  0.270067E-05  0.307473E-01  0.255883E-04   95.42  -33.97  176.77  168.53  -35.59  -53.26
35.9866  0.117583E+02  0.435730E-04  0.129679E+01  0.443731E-05  0.114699E+01  0.320162E-04   46.24   60.35  160.15 -136.03   87.48  -92.29
36.3210  0.111034E+02  0.715201E-04  0.302390E+01  0.583921E-05  0.236587E+01  0.383824E-04  -12.94   70.65  -48.91  -17.39   67.86  122.34
36.6555  0.123633E+02  0.590345E-04  0.398274E+01  0.140105E-05  0.607626E+00  0.312949E-04  -66.44   61.73   41.24  -35.72   79.35   41.41
36.9899  0.117542E+02  0.678681E-04  0.300554E+01  0.504642E-05  0.117294E+00  0.460194E-05 -112.64  148.05   20.36   22.66  -63.60  -23.43
37.3244  0.101248E+02  0.302507E-04  0.119822E+01  0.275171E-05  0.807584E+00  0.217937E-04 -172.42   23.01  108.84 -157.88  -60.99   -7.69
37.6588  0.112600E+02  0.258638E-04  0.263224E+01  0.214716E-06  0.367522E+00  0.367371E-05  128.11   84.75  171.14   85.77  -26.55  113.30
37.9933  0.114087E+02  0.149967E-04  0.269500E+01  0.489029E-05  0.663704E+00  0.757283E-05   81.07   12.36  175.55   -0.25   81.12 -118.88
38.3277  0.944241E+01  0.987040E-04  0.118452E+00  0.655832E-05  0.136311E+01  0.385486E-04   25.04  -90.62  109.53  -60.41   90.57  -80.56
38.6622  0.100465E+02  0.233558E-03  0.392888E+01  0.112804E-04  0.115777E+01  0.254050E-04  -40.53 -104.89   -0.35 -100.54   93.91 -174.02
38.9966  0.108991E+02  0.549278E-04  0.575091E+01  0.711800E-05  0.198844E+00  0.219421E-04  -90.07  125.18   -2.82  139.49 -117.28  -62.55
39.3311  0.902827E+01  0.532364E-04  0.275938E+01  0.391522E-05  0.234459E+01  0.204471E-04 -142.41   10.83   -3.12    8.93  -92.81  110.25
39.6655  0.855617E+01  0.614240E-04  0.685113E+01  0.458906E-05  0.441401E+01  0.111020E-04  147.95 -161.27  175.38 -145.37  -90.92  -27.94
40.0000  0.102753E+02  0.420229E-04  0.219214E+02  0.171180E-05  0.538546E+01  0.401864E-05   94.37   53.64  173.28 -179.66  -85.88 -151.98
