    3.141593E+01    0.000000E+00     1    9.848145E-05   -9.000000E+01   6.030249E-21   -9.848145E-05
    3.141593E+01    0.000000E+00     2    3.654322E-10    2.600000E-01   3.654284E-10    1.658273E-12
    3.141593E+01    0.000000E+00     3    7.495780E-02   -0.000000E+00   7.495780E-02   -0.000000E+00
    3.141593E+01    0.000000E+00     4    1.708277E-10   -1.774100E+02  -1.706532E-10   -7.719472E-12
    3.141593E+01    0.000000E+00     5    2.240285E-04   -9.000000E+01   1.371779E-20   -2.240285E-04
    3.141593E+01    0.000000E+00     6    1.204393E-10   -1.795300E+02  -1.204353E-10   -9.879586E-13
    1.175526E+01    0.000000E+00     1    2.640367E-04   -8.997588E+01   1.111482E-07   -2.640367E-04
    1.175526E+01    0.000000E+00     2    4.000710E-10    1.567952E+02  -3.677063E-10    1.576353E-10
    1.175526E+01    0.000000E+00     3    7.470892E-02   -5.842627E-02   7.470889E-02   -7.618297E-05
    1.175526E+01    0.000000E+00     4    1.991441E-09   -1.652735E+02  -1.926022E-09   -5.062355E-10
    1.175526E+01    0.000000E+00     5    6.005603E-04   -8.997655E+01   2.458138E-07   -6.005602E-04
    1.175526E+01    0.000000E+00     6    9.526330E-10   -8.961417E+00   9.410046E-10   -1.483910E-10
    7.231195E+00    0.000000E+00     1    4.315662E-04   -8.998229E+01   1.333685E-07   -4.315662E-04
    7.231195E+00    0.000000E+00     2    9.511524E-10    1.674303E+02  -9.283551E-10    2.069970E-10
    7.231195E+00    0.000000E+00     3    7.428256E-02   -1.192852E-01   7.428240E-02   -1.546502E-04
    7.231195E+00    0.000000E+00     4    2.463168E-09   -1.646615E+02  -2.375430E-09   -6.515585E-10
    7.231195E+00    0.000000E+00     5    9.805421E-04   -8.998276E+01   2.949560E-07   -9.805421E-04
    7.231195E+00    0.000000E+00     6    1.187063E-09   -9.293716E+00   1.171481E-09   -1.917054E-10
    5.221194E+00    0.000000E+00     1    6.027064E-04   -8.999049E+01   1.000214E-07   -6.027064E-04
    5.221194E+00    0.000000E+00     2    1.231473E-09    1.716003E+02  -1.218263E-09    1.798908E-10
    5.221194E+00    0.000000E+00     3    7.367022E-02   -1.985199E-01   7.366978E-02   -2.552540E-04
    5.221194E+00    0.000000E+00     4    2.045569E-09   -1.642079E+02  -1.968361E-09   -5.566950E-10
    5.221194E+00    0.000000E+00     5    1.367287E-03   -8.999073E+01   2.212060E-07   -1.367287E-03
    5.221194E+00    0.000000E+00     6    8.938347E-10   -1.055371E+01   8.787143E-10   -1.637122E-10
    4.085827E+00    0.000000E+00     1    7.788906E-04   -8.999673E+01   4.446060E-08   -7.788906E-04
    4.085827E+00    0.000000E+00     2    1.143671E-09    1.746599E+02  -1.138707E-09    1.064390E-10
    4.085827E+00    0.000000E+00     3    7.286421E-02   -3.127525E-01   7.286312E-02   -3.977317E-04
    4.085827E+00    0.000000E+00     4    1.201616E-09   -1.638330E+02  -1.154097E-09   -3.345765E-10
    4.085827E+00    0.000000E+00     5    1.763647E-03   -8.999681E+01   9.832847E-08   -1.763647E-03
    4.085827E+00    0.000000E+00     6    3.828769E-10   -1.470190E+01   3.703412E-10   -9.717032E-11
    3.355865E+00    0.000000E+00     1    9.617604E-04   -9.000000E+01   5.889084E-20   -9.617604E-04
    3.355865E+00    0.000000E+00     2    5.912844E-10    1.783800E+02  -5.910481E-10    1.671595E-11
    3.355865E+00    0.000000E+00     3    7.185617E-02   -4.800000E-01   7.185365E-02   -6.019738E-04
    3.355865E+00    0.000000E+00     4    3.937564E-10   -1.655900E+02  -3.813687E-10   -9.798979E-11
    3.355865E+00    0.000000E+00     5    2.172946E-03   -9.000000E+01   1.330546E-19   -2.172946E-03
    3.355865E+00    0.000000E+00     6    5.257329E-11   -1.518600E+02  -4.635901E-11   -2.479502E-11
    2.847322E+00    0.000000E+00     1    1.152742E-03   -9.000000E+01   7.058510E-20   -1.152742E-03
    2.847322E+00    0.000000E+00     2    5.262671E-10   -6.450000E+00   5.229359E-10   -5.911880E-11
    2.847322E+00    0.000000E+00     3    7.063925E-02   -7.200000E-01   7.063367E-02   -8.876556E-04
    2.847322E+00    0.000000E+00     4    1.074200E-10    1.581100E+02  -9.967514E-11    4.004894E-11
    2.847322E+00    0.000000E+00     5    2.598022E-03   -9.000000E+01   1.590830E-19   -2.598022E-03
    2.847322E+00    0.000000E+00     6    6.693445E-11    1.620500E+02  -6.367648E-11    2.062832E-11
    2.472527E+00    0.000000E+00     1    1.353496E-03   -9.000000E+01   8.287775E-20   -1.353496E-03
    2.472527E+00    0.000000E+00     2    1.434934E-09   -2.080000E+00   1.433988E-09   -5.208074E-11
    2.472527E+00    0.000000E+00     3    6.920428E-02   -1.050000E+00   6.919266E-02   -1.268164E-03
    2.472527E+00    0.000000E+00     4    3.493486E-10    1.784300E+02  -3.492175E-10    9.571538E-12
    2.472527E+00    0.000000E+00     5    3.042355E-03   -9.000000E+01   1.862905E-19   -3.042355E-03
    2.472527E+00    0.000000E+00     6    2.161488E-10    6.210000E+00   2.148805E-10    2.338144E-11
    2.185000E+00    0.000000E+00     1    1.565321E-03   -9.001000E+01  -2.732001E-07   -1.565321E-03
    2.185000E+00    0.000000E+00     2    1.146463E-10    1.036500E+02  -2.705540E-11    1.114081E-10
    2.185000E+00    0.000000E+00     3    6.754057E-02   -1.480000E+00   6.751804E-02   -1.744438E-03
    2.185000E+00    0.000000E+00     4    2.090775E-10    1.786100E+02  -2.090159E-10    5.071738E-12
    2.185000E+00    0.000000E+00     5    3.509083E-03   -9.001000E+01  -6.124504E-07   -3.509083E-03
    2.185000E+00    0.000000E+00     6    1.502854E-10    1.772500E+02  -1.501124E-10    7.210413E-12
    1.957318E+00    0.000000E+00     1    1.789011E-03   -9.003000E+01  -9.367240E-07   -1.789011E-03
    1.957318E+00    0.000000E+00     2    7.968349E-11    1.574500E+02  -7.359130E-11    3.055778E-11
    1.957318E+00    0.000000E+00     3    6.564281E-02   -2.060000E+00   6.560039E-02   -2.359599E-03
    1.957318E+00    0.000000E+00     4    2.623466E-10    1.286500E+02  -1.638515E-10    2.048863E-10
    1.957318E+00    0.000000E+00     5    4.000530E-03   -9.003000E+01  -2.094673E-06   -4.000530E-03
    1.957318E+00    0.000000E+00     6    4.650438E-11   -1.151100E+02  -1.973448E-11   -4.210947E-11
    1.772658E+00    0.000000E+00     1    2.024128E-03   -9.007000E+01  -2.472939E-06   -2.024127E-03
    1.772658E+00    0.000000E+00     2    6.488563E-10   -1.807000E+01   6.168536E-10   -2.012614E-10
    1.772658E+00    0.000000E+00     3    6.350805E-02   -2.830000E+00   6.343060E-02   -3.135566E-03
    1.772658E+00    0.000000E+00     4    6.099093E-10   -1.200000E+01   5.965813E-10   -1.268073E-10
    1.772658E+00    0.000000E+00     5    4.517166E-03   -9.007000E+01  -5.518758E-06   -4.517163E-03
    1.772658E+00    0.000000E+00     6    4.273466E-11   -1.471400E+02  -3.589706E-11   -2.318732E-11
    1.619795E+00    0.000000E+00     1    2.268135E-03   -9.015000E+01  -5.937956E-06   -2.268127E-03
    1.619795E+00    0.000000E+00     2    3.762803E-10    1.665900E+02  -3.660212E-10    8.726606E-11
    1.619795E+00    0.000000E+00     3    6.115749E-02   -3.830000E+00   6.102091E-02   -4.085097E-03
    1.619795E+00    0.000000E+00     4    1.430744E-10   -1.780100E+02  -1.429881E-10   -4.968269E-12
    1.619795E+00    0.000000E+00     5    5.056096E-03   -9.015000E+01  -1.323681E-05   -5.056078E-03
    1.619795E+00    0.000000E+00     6    7.307951E-11   -1.677100E+02  -7.140473E-11   -1.555569E-11
    1.491239E+00    0.000000E+00     1    2.515454E-03   -9.030000E+01  -1.317082E-05   -2.515419E-03
    1.491239E+00    0.000000E+00     2    3.242559E-10    7.140000E+00   3.217414E-10    4.030313E-11
    1.491239E+00    0.000000E+00     3    5.861284E-02   -5.090000E+00   5.838171E-02   -5.200158E-03
    1.491239E+00    0.000000E+00     4    4.850775E-10   -2.660000E+00   4.845548E-10   -2.251200E-11
    1.491239E+00    0.000000E+00     5    5.609317E-03   -9.029000E+01  -2.839118E-05   -5.609245E-03
    1.491239E+00    0.000000E+00     6    1.629164E-10    4.551000E+01   1.141693E-10    1.162201E-10
    1.381557E+00    0.000000E+00     1    2.756728E-03   -9.055000E+01  -2.646228E-05   -2.756601E-03
    1.381557E+00    0.000000E+00     2    5.200601E-10    1.404400E+02  -4.009446E-10    3.312190E-10
    1.381557E+00    0.000000E+00     3    5.590561E-02   -6.630000E+00   5.553173E-02   -6.454708E-03
    1.381557E+00    0.000000E+00     4    2.751753E-10    1.078800E+02  -8.448555E-11    2.618848E-10
    1.381557E+00    0.000000E+00     5    6.162610E-03   -9.054000E+01  -5.808037E-05   -6.162336E-03
    1.381557E+00    0.000000E+00     6    5.563925E-11    3.086000E+01   4.776202E-11    2.853971E-11
    1.286905E+00    0.000000E+00     1    2.979205E-03   -9.097000E+01  -5.043462E-05   -2.978778E-03
    1.286905E+00    0.000000E+00     2    8.763680E-10   -6.400000E+00   8.709064E-10   -9.768780E-11
    1.286905E+00    0.000000E+00     3    5.306340E-02   -8.430000E+00   5.249009E-02   -7.779148E-03
    1.286905E+00    0.000000E+00     4    3.665943E-10   -9.120000E+00   3.619600E-10   -5.810620E-11
    1.286905E+00    0.000000E+00     5    6.696249E-03   -9.094000E+01  -1.098544E-04   -6.695348E-03
    1.286905E+00    0.000000E+00     6    1.364424E-11   -1.115100E+02  -5.002846E-12   -1.269397E-11
    1.204414E+00    0.000000E+00     1    3.167880E-03   -9.162000E+01  -8.955775E-05   -3.166614E-03
    1.204414E+00    0.000000E+00     2    4.561182E-10   -1.598100E+02  -4.280913E-10   -1.574221E-10
    1.204414E+00    0.000000E+00     3    5.009755E-02   -1.049000E+01   4.926026E-02   -9.120957E-03
    1.204414E+00    0.000000E+00     4    3.815515E-10   -1.576100E+02  -3.527873E-10   -1.453364E-10
    1.204414E+00    0.000000E+00     5    7.187278E-03   -9.156000E+01  -1.956648E-04   -7.184614E-03
    1.204414E+00    0.000000E+00     6    3.351233E-11    3.898000E+01   2.605134E-11    2.108090E-11
    1.131840E+00    0.000000E+00     1    3.307961E-03   -9.257000E+01  -1.483287E-04   -3.304634E-03
    1.131840E+00    0.000000E+00     2    4.159399E-10    1.642900E+02  -4.004022E-10    1.126234E-10
    1.131840E+00    0.000000E+00     3    4.700632E-02   -1.275000E+01   4.584725E-02   -1.037417E-02
    1.131840E+00    0.000000E+00     4    2.423456E-10    1.737900E+02  -2.409235E-10    2.621521E-11
    1.131840E+00    0.000000E+00     5    7.614281E-03   -9.245000E+01  -3.254918E-04   -7.607321E-03
    1.131840E+00    0.000000E+00     6    1.105250E-11   -6.048000E+01   5.445868E-12   -9.617704E-12
    1.067534E+00    0.000000E+00     1    3.386636E-03   -9.391000E+01  -2.309327E-04   -3.378753E-03
    1.067534E+00    0.000000E+00     2    1.050815E-09    1.378300E+02  -7.788184E-10    7.054467E-10
    1.067534E+00    0.000000E+00     3    4.377452E-02   -1.519000E+01   4.224513E-02   -1.146983E-02
    1.067534E+00    0.000000E+00     4    7.504241E-10   -1.345900E+02  -5.268193E-10   -5.344134E-10
    1.067534E+00    0.000000E+00     5    7.959837E-03   -9.367000E+01  -5.095075E-04   -7.943513E-03
    1.067534E+00    0.000000E+00     6    9.943293E-11    1.048100E+02  -2.541650E-11    9.612964E-11
    1.010126E+00    0.000000E+00     1    3.394506E-03   -9.572000E+01  -3.383205E-04   -3.377604E-03
    1.010126E+00    0.000000E+00     2    4.653690E-10    4.161000E+01   3.479481E-10    3.090314E-10
    1.010126E+00    0.000000E+00     3    4.037421E-02   -1.777000E+01   3.844793E-02   -1.232208E-02
    1.010126E+00    0.000000E+00     4    3.914587E-10    8.115000E+01   6.022521E-11    3.867982E-10
    1.010126E+00    0.000000E+00     5    8.213619E-03   -9.526000E+01  -7.529869E-04   -8.179031E-03
    1.010126E+00    0.000000E+00     6    1.104037E-10    8.757000E+01   4.680982E-12    1.103044E-10
    9.585917E-01    0.000000E+00     1    3.325912E-03   -9.810000E+01  -4.686251E-04   -3.292732E-03
    9.585917E-01    0.000000E+00     2    5.084781E-11   -1.295400E+02  -3.237057E-11   -3.921283E-11
    9.585917E-01    0.000000E+00     3    3.680887E-02   -2.053000E+01   3.447109E-02   -1.290879E-02
    9.585917E-01    0.000000E+00     4    2.744506E-10   -1.250500E+02  -1.576145E-10   -2.246793E-10
    9.585917E-01    0.000000E+00     5    8.371182E-03   -9.726000E+01  -1.057884E-03   -8.304070E-03
    9.585917E-01    0.000000E+00     6    2.656575E-10    1.038000E+02  -6.336820E-11    2.579891E-10
    9.120473E-01    0.000000E+00     1    3.178879E-03   -1.011700E+02  -6.158146E-04   -3.118660E-03
    9.120473E-01    0.000000E+00     2    1.529888E-10   -1.388900E+02  -1.152692E-10   -1.005912E-10
    9.120473E-01    0.000000E+00     3    3.305953E-02   -2.347000E+01   3.032447E-02   -1.316658E-02
    9.120473E-01    0.000000E+00     4    3.982528E-10    8.447000E+01   3.837840E-11    3.963993E-10
    9.120473E-01    0.000000E+00     5    8.433262E-03   -9.968000E+01  -1.418013E-03   -8.313191E-03
    9.120473E-01    0.000000E+00     6    5.382803E-11   -1.000000E+00   5.381983E-11   -9.394287E-13
    8.698256E-01    0.000000E+00     1    2.955148E-03   -1.051200E+02  -7.708252E-04   -2.852845E-03
    8.698256E-01    0.000000E+00     2    9.675158E-10    7.140000E+01   3.085982E-10    9.169809E-10
    8.698256E-01    0.000000E+00     3    2.913761E-02   -2.667000E+01   2.603756E-02   -1.307845E-02
    8.698256E-01    0.000000E+00     4    5.071682E-10    1.652200E+02  -4.903873E-10    1.293828E-10
    8.698256E-01    0.000000E+00     5    8.404404E-03   -1.025000E+02  -1.819046E-03   -8.205186E-03
    8.698256E-01    0.000000E+00     6    2.619551E-10    5.231000E+01   1.601565E-10    2.072930E-10
    8.313291E-01    0.000000E+00     1    2.660877E-03   -1.102300E+02  -9.201033E-04   -2.496733E-03
    8.313291E-01    0.000000E+00     2    1.127207E-09   -1.137000E+02  -4.530783E-10   -1.032141E-09
    8.313291E-01    0.000000E+00     3    2.507696E-02   -3.028000E+01   2.165575E-02   -1.264446E-02
    8.313291E-01    0.000000E+00     4    5.577533E-10   -6.695000E+01   2.183795E-10   -5.132243E-10
    8.313291E-01    0.000000E+00     5    8.290133E-03   -1.057100E+02  -2.244706E-03   -7.980450E-03
    8.313291E-01    0.000000E+00     6    1.035872E-10   -8.404000E+01   1.075588E-11   -1.030272E-10
    7.961058E-01    0.000000E+00     1    2.307136E-03   -1.170200E+02  -1.048135E-03   -2.055307E-03
    7.961058E-01    0.000000E+00     2    1.359684E-09   -1.076000E+01   1.335778E-09   -2.538469E-10
    7.961058E-01    0.000000E+00     3    2.096086E-02   -3.452000E+01   1.727025E-02   -1.187839E-02
    7.961058E-01    0.000000E+00     4    5.212762E-10    5.108000E+01   3.274838E-10    4.055654E-10
    7.961058E-01    0.000000E+00     5    8.096035E-03   -1.092600E+02  -2.670521E-03   -7.642911E-03
    7.961058E-01    0.000000E+00     6    2.664302E-10   -4.151000E+01   1.995136E-10   -1.765768E-10
    7.637367E-01    0.000000E+00     1    1.916689E-03   -1.269525E+02  -1.152224E-03   -1.531691E-03
    7.637367E-01    0.000000E+00     2    8.343473E-09    3.659338E+01   6.698861E-09    4.973812E-09
    7.637367E-01    0.000000E+00     3    1.681946E-02   -3.991272E+01   1.290091E-02   -1.079170E-02
    7.637367E-01    0.000000E+00     4    3.355842E-09    1.037363E+02  -7.968560E-10    3.259862E-09
    7.637367E-01    0.000000E+00     5    7.831996E-03   -1.132458E+02  -3.091100E-03   -7.196198E-03
    7.637367E-01    0.000000E+00     6    9.247544E-10    1.678175E+01   8.853705E-10    2.670014E-10
    7.339055E-01    0.000000E+00     1    1.543817E-03   -1.430018E+02  -1.232976E-03   -9.290541E-04
    7.339055E-01    0.000000E+00     2    2.124349E-08    4.306920E+01   1.551899E-08    1.450678E-08
    7.339055E-01    0.000000E+00     3    1.270522E-02   -4.768930E+01   8.552530E-03   -9.395583E-03
    7.339055E-01    0.000000E+00     4    8.572300E-09    1.113086E+02  -3.115104E-09    7.986267E-09
    7.339055E-01    0.000000E+00     5    7.512508E-03   -1.178201E+02  -3.506066E-03   -6.644192E-03
    7.339055E-01    0.000000E+00     6    2.382862E-09    3.054943E+01   2.052099E-09    1.211165E-09
    7.063092E-01    0.000000E+00     1    1.315066E-03   -1.690458E+02  -1.291105E-03   -2.498940E-04
    7.063092E-01    0.000000E+00     2    3.952702E-08    4.553539E+01   2.768744E-08    2.820977E-08
    7.063092E-01    0.000000E+00     3    8.782580E-03   -6.124736E+01   4.224677E-03   -7.699728E-03
    7.063092E-01    0.000000E+00     4    1.595075E-08    1.144017E+02  -6.589769E-09    1.452589E-08
    7.063092E-01    0.000000E+00     5    7.156375E-03   -1.231710E+02  -3.915540E-03   -5.990179E-03
    7.063092E-01    0.000000E+00     6    4.532849E-09    3.562361E+01   3.684575E-09    2.640194E-09
    6.807130E-01    0.000000E+00     1    1.419285E-03    1.592534E+02  -1.327252E-03    5.027622E-04
    6.807130E-01    0.000000E+00     2    6.298429E-08    4.683454E+01   4.308803E-08    4.593955E-08
    6.807130E-01    0.000000E+00     3    5.715597E-03   -9.079369E+01  -7.917279E-05   -5.715049E-03
    6.807130E-01    0.000000E+00     4    2.540843E-08    1.161082E+02  -1.118144E-08    2.281587E-08
    6.807130E-01    0.000000E+00     5    6.789107E-03   -1.295095E+02  -4.319272E-03   -5.237926E-03
    6.807130E-01    0.000000E+00     6    7.337880E-09    3.819788E+01   5.766691E-09    4.537593E-09
    6.569140E-01    0.000000E+00     1    1.886513E-03    1.353497E+02  -1.342084E-03    1.325799E-03
    6.569140E-01    0.000000E+00     2    9.141877E-08    4.763663E+01   6.160072E-08    6.754807E-08
    6.569140E-01    0.000000E+00     3    5.558131E-03   -1.415950E+02  -4.355572E-03   -3.452797E-03
    6.569140E-01    0.000000E+00     4    3.686688E-08    1.171958E+02  -1.684939E-08    3.279123E-08
    6.569140E-01    0.000000E+00     5    6.444681E-03   -1.370479E+02  -4.717016E-03   -4.391318E-03
    6.569140E-01    0.000000E+00     6    1.077077E-08    3.974346E+01   8.281806E-09    6.886305E-09
    6.347165E-01    0.000000E+00     1    2.588448E-03    1.210808E+02  -1.336275E-03    2.216852E-03
    6.347165E-01    0.000000E+00     2    1.246640E-07    4.818154E+01   8.312258E-08    9.290727E-08
    6.347165E-01    0.000000E+00     3    8.654178E-03   -1.738832E+02  -8.604907E-03   -9.221562E-04
    6.347165E-01    0.000000E+00     4    5.025944E-08    1.179519E+02  -2.355811E-08    4.439624E-08
    6.347165E-01    0.000000E+00     5    6.166613E-03   -1.459424E+02  -5.108885E-03   -3.453464E-03
    6.347165E-01    0.000000E+00     6    1.480968E-08    4.077190E+01   1.121560E-08    9.671452E-09
    6.139761E-01    0.000000E+00     1    3.432543E-03    1.124444E+02  -1.310498E-03    3.172530E-03
    6.139761E-01    0.000000E+00     2    1.625181E-07    4.857572E+01   1.075268E-07    1.218611E-07
    6.139761E-01    0.000000E+00     3    1.295736E-02    1.717252E+02  -1.282247E-02    1.864832E-03
    6.139761E-01    0.000000E+00     4    6.550495E-08    1.185084E+02  -3.126475E-08    5.756226E-08
    6.139761E-01    0.000000E+00     5    6.007290E-03   -1.561549E+02  -5.494518E-03   -2.428540E-03
    6.139761E-01    0.000000E+00     6    1.942898E-08    4.150418E+01   1.455050E-08    1.287509E-08
    5.945426E-01    0.000000E+00     1    4.377435E-03    1.068025E+02  -1.265403E-03    4.190548E-03
    5.945426E-01    0.000000E+00     2    2.048217E-07    4.887432E+01   1.347139E-07    1.542858E-07
    5.945426E-01    0.000000E+00     3    1.770016E-02    1.639310E+02  -1.700860E-02    4.899299E-03
    5.945426E-01    0.000000E+00     4    8.253947E-08    1.189358E+02  -3.993502E-08    7.223544E-08
    5.945426E-01    0.000000E+00     5    6.020407E-03   -1.673392E+02  -5.874018E-03   -1.319549E-03
    5.945426E-01    0.000000E+00     6    2.460844E-08    4.205200E+01   1.827268E-08    1.648285E-08
    5.763068E-01    0.000000E+00     1    5.402775E-03    1.028512E+02  -1.201685E-03    5.267440E-03
    5.763068E-01    0.000000E+00     2    2.513681E-07    4.910823E+01   1.645536E-07    1.900210E-07
    5.763068E-01    0.000000E+00     3    2.268080E-02    1.588895E+02  -2.115863E-02    8.168900E-03
    5.763068E-01    0.000000E+00     4    1.012799E-07    1.192742E+02  -4.952487E-08    8.834533E-08
    5.763068E-01    0.000000E+00     5    6.248402E-03   -1.788008E+02  -6.247033E-03   -1.307689E-04
    5.763068E-01    0.000000E+00     6    3.032214E-08    4.247685E+01   2.236410E-08    2.047630E-08
    5.591515E-01    0.000000E+00     1    6.498234E-03    9.992450E+01  -1.119973E-03    6.400993E-03
    5.591515E-01    0.000000E+00     2    3.020036E-07    4.929652E+01   1.969499E-07    2.289473E-07
    5.591515E-01    0.000000E+00     3    2.783508E-02    1.552236E+02  -2.527287E-02    1.166506E-02
    5.591515E-01    0.000000E+00     4    1.216643E-07    1.195491E+02  -6.000118E-08    1.058398E-07
    5.591515E-01    0.000000E+00     5    6.710327E-03    1.702630E+02  -6.613660E-03    1.134895E-03
    5.591515E-01    0.000000E+00     6    3.655069E-08    4.281603E+01   2.681138E-08    2.484155E-08
    5.429927E-01    0.000000E+00     1    7.656054E-03    9.766358E+01  -1.020983E-03    7.587671E-03
    5.429927E-01    0.000000E+00     2    3.565166E-07    4.945129E+01   2.317694E-07    2.709004E-07
    5.429927E-01    0.000000E+00     3    3.313040E-02    1.523493E+02  -2.934669E-02    1.537515E-02
    5.429927E-01    0.000000E+00     4    1.436078E-07    1.197768E+02  -7.131880E-08    1.246468E-07
    5.429927E-01    0.000000E+00     5    7.399089E-03    1.604737E+02  -6.973553E-03    2.473071E-03
    5.429927E-01    0.000000E+00     6    4.326761E-08    4.309289E+01   3.159604E-08    2.955970E-08
    5.277371E-01    0.000000E+00     1    8.871640E-03    9.585705E+01  -9.053235E-04    8.825326E-03
    5.277371E-01    0.000000E+00     2    4.147583E-07    4.958081E+01   2.689189E-07    3.157643E-07
    5.277371E-01    0.000000E+00     3    3.855367E-02    1.499759E+02  -3.338036E-02    1.929086E-02
    5.277371E-01    0.000000E+00     4    1.670504E-07    1.199685E+02  -8.344563E-08    1.447158E-07
    5.277371E-01    0.000000E+00     5    8.291183E-03    1.520902E+02  -7.326801E-03    3.880942E-03
    5.277371E-01    0.000000E+00     6    5.045417E-08    4.332326E+01   3.670513E-08    3.461730E-08
    5.133196E-01    0.000000E+00     1    1.013993E-02    9.437623E+01  -7.737304E-04    1.011036E-02
    5.133196E-01    0.000000E+00     2    4.765127E-07    4.969076E+01   3.082622E-07    3.633714E-07
    5.133196E-01    0.000000E+00     3    4.409072E-02    1.479467E+02  -3.736928E-02    2.339932E-02
    5.133196E-01    0.000000E+00     4    1.919052E-07    1.201321E+02  -9.633555E-08    1.659731E-07
    5.133196E-01    0.000000E+00     5    9.356379E-03    1.450937E+02  -7.673066E-03    5.354054E-03
    5.133196E-01    0.000000E+00     6    5.808336E-08    4.351780E+01   4.211976E-08    3.999504E-08
    4.996648E-01    0.000000E+00     1    1.145785E-02    9.313589E+01  -6.267924E-04    1.144069E-02
    4.996648E-01    0.000000E+00     2    5.416352E-07    4.978530E+01   3.497087E-07    4.136091E-07
    4.996648E-01    0.000000E+00     3    4.973622E-02    1.461662E+02  -4.131368E-02    2.769245E-02
    4.996648E-01    0.000000E+00     4    2.181141E-07    1.202735E+02  -1.099574E-07    1.883697E-07
    4.996648E-01    0.000000E+00     5    1.056724E-02    1.393087E+02  -8.012429E-03    6.889670E-03
    4.996648E-01    0.000000E+00     6    6.613702E-08    4.368437E+01   4.782736E-08    4.567985E-08
    4.867215E-01    0.000000E+00     1    1.282110E-02    9.207966E+01  -4.652644E-04    1.281266E-02
    4.867215E-01    0.000000E+00     2    6.099057E-07    4.986742E+01   3.931199E-07    4.663065E-07
    4.867215E-01    0.000000E+00     3    5.547917E-02    1.445758E+02  -4.520902E-02    3.215716E-02
    4.867215E-01    0.000000E+00     4    2.455886E-07    1.203968E+02  -1.242642E-07    2.118306E-07
    4.867215E-01    0.000000E+00     5    1.189947E-02    1.345278E+02  -8.344560E-03    8.483257E-03
    4.867215E-01    0.000000E+00     6    7.458761E-08    4.382849E+01   5.380869E-08    5.165207E-08
    4.744282E-01    0.000000E+00     1    1.422718E-02    9.116683E+01  -2.897174E-04    1.422423E-02
    4.744282E-01    0.000000E+00     2    6.811837E-07    4.993946E+01   4.384076E-07    5.213540E-07
    4.744282E-01    0.000000E+00     3    6.131572E-02    1.431346E+02  -4.905546E-02    3.678557E-02
    4.744282E-01    0.000000E+00     4    2.742721E-07    1.205053E+02  -1.392255E-07    2.363079E-07
    4.744282E-01    0.000000E+00     5    1.333497E-02    1.305518E+02  -8.669533E-03    1.013215E-02
    4.744282E-01    0.000000E+00     6    8.341747E-08    4.395449E+01   6.005151E-08    5.789897E-08
    4.627407E-01    0.000000E+00     1    1.567246E-02    9.036875E+01  -1.008648E-04    1.567213E-02
    4.627407E-01    0.000000E+00     2    7.552678E-07    5.000314E+01   4.854451E-07    5.785953E-07
    4.627407E-01    0.000000E+00     3    6.723695E-02    1.418152E+02  -5.284966E-02    4.156585E-02
    4.627407E-01    0.000000E+00     4    3.040836E-07    1.206016E+02  -1.547984E-07    2.617333E-07
    4.627407E-01    0.000000E+00     5    1.485836E-02    1.272182E+02  -8.987120E-03    1.183227E-02
    4.627407E-01    0.000000E+00     6    9.260143E-08    4.406555E+01   6.653825E-08    6.440253E-08
    4.516183E-01    0.000000E+00     1    1.715337E-02    8.966409E+01   1.005637E-04    1.715308E-02
    4.516183E-01    0.000000E+00     2    8.319533E-07    5.005983E+01   5.341035E-07    6.378713E-07
    4.516183E-01    0.000000E+00     3    7.323377E-02    1.405977E+02  -5.658834E-02    4.648597E-02
    4.516183E-01    0.000000E+00     4    3.349408E-07    1.206875E+02  -1.709390E-07    2.880368E-07
    4.516183E-01    0.000000E+00     5    1.645716E-02    1.243973E+02  -9.297104E-03    1.357946E-02
    4.516183E-01    0.000000E+00     6    1.021139E-07    4.416415E+01   7.325103E-08    7.114440E-08
    4.410150E-01    0.000000E+00     1    1.866772E-02    8.903615E+01   3.140212E-04    1.866508E-02
    4.410150E-01    0.000000E+00     2    9.111049E-07    5.011065E+01   5.842979E-07    6.990765E-07
    4.410150E-01    0.000000E+00     3    7.930233E-02    1.394662E+02  -6.027155E-02    5.153832E-02
    4.410150E-01    0.000000E+00     4    3.667893E-07    1.207648E+02  -1.876182E-07    3.151726E-07
    4.410150E-01    0.000000E+00     5    1.812247E-02    1.219854E+02  -9.599543E-03    1.537116E-02
    4.410150E-01    0.000000E+00     6    1.119377E-07    4.425232E+01   8.017806E-08    7.811234E-08
    4.309012E-01    0.000000E+00     1    2.021156E-02    8.847267E+01   5.387130E-04    2.020438E-02
    4.309012E-01    0.000000E+00     2    9.924938E-07    5.015644E+01   6.358845E-07    7.620334E-07
    4.309012E-01    0.000000E+00     3    8.543135E-02    1.384096E+02  -6.389493E-02    5.670937E-02
    4.309012E-01    0.000000E+00     4    3.995369E-07    1.208346E+02  -2.047870E-07    3.430628E-07
    4.309012E-01    0.000000E+00     5    1.984505E-02    1.199054E+02  -9.894130E-03    1.720268E-02
    4.309012E-01    0.000000E+00     6    1.220445E-07    4.433159E+01   8.729936E-08    8.528590E-08
    4.212380E-01    0.000000E+00     1    2.178280E-02    8.796342E+01   7.741061E-04    2.176904E-02
    4.212380E-01    0.000000E+00     2    1.075988E-06    5.019793E+01   6.887799E-07    8.266386E-07
    4.212380E-01    0.000000E+00     3    9.161666E-02    1.374182E+02  -6.745848E-02    6.199167E-02
    4.212380E-01    0.000000E+00     4    4.331305E-07    1.208979E+02  -2.224168E-07    3.716622E-07
    4.212380E-01    0.000000E+00     5    2.161882E-02    1.180946E+02  -1.018091E-02    1.907150E-02
    4.212380E-01    0.000000E+00     6    1.324175E-07    4.440329E+01   9.460337E-08    9.265310E-08
    4.120013E-01    0.000000E+00     1    2.337752E-02    8.750079E+01   1.019393E-03    2.335528E-02
    4.120013E-01    0.000000E+00     2    1.161355E-06    5.023568E+01   7.428387E-07    8.927126E-07
    4.120013E-01    0.000000E+00     3    9.784652E-02    1.364851E+02  -7.095787E-02    6.737152E-02
    4.120013E-01    0.000000E+00     4    4.674769E-07    1.209557E+02  -2.404583E-07    4.008921E-07
    4.120013E-01    0.000000E+00     5    2.343641E-02    1.165064E+02  -1.045960E-02    2.097288E-02
    4.120013E-01    0.000000E+00     6    1.430278E-07    4.446840E+01   1.020699E-07    1.001932E-07
    4.031585E-01    0.000000E+00     1    2.499367E-02    8.707808E+01   1.274052E-03    2.496118E-02
    4.031585E-01    0.000000E+00     2    1.248465E-06    5.027020E+01   7.979790E-07    9.601539E-07
    4.031585E-01    0.000000E+00     3    1.041164E-01    1.356037E+02  -7.439305E-02    7.284163E-02
    4.031585E-01    0.000000E+00     4    5.025239E-07    1.210086E+02  -2.588834E-07    4.307083E-07
    4.031585E-01    0.000000E+00     5    2.529322E-02    1.151021E+02  -1.073023E-02    2.290435E-02
    4.031585E-01    0.000000E+00     6    1.538591E-07    4.452784E+01   1.096876E-07    1.078945E-07
    3.946898E-01    0.000000E+00     1    2.662733E-02    8.669033E+01   1.537265E-03    2.658292E-02
    3.946898E-01    0.000000E+00     2    1.337086E-06    5.030187E+01   8.540541E-07    1.028781E-06
    3.946898E-01    0.000000E+00     3    1.104142E-01    1.347694E+02  -7.775979E-02    7.838817E-02
    3.946898E-01    0.000000E+00     4    5.381774E-07    1.210572E+02  -2.776422E-07    4.610312E-07
    3.946898E-01    0.000000E+00     5    2.718293E-02    1.138529E+02  -1.099250E-02    2.486114E-02
    3.946898E-01    0.000000E+00     6    1.648821E-07    4.458228E+01   1.174361E-07    1.157361E-07
    3.865672E-01    0.000000E+00     1    2.827651E-02    8.633295E+01   1.808521E-03    2.821861E-02
    3.865672E-01    0.000000E+00     2    1.427088E-06    5.033103E+01   9.109833E-07    1.098495E-06
    3.865672E-01    0.000000E+00     3    1.167350E-01    1.339775E+02  -8.105792E-02    8.400395E-02
    3.865672E-01    0.000000E+00     4    5.743860E-07    1.211020E+02  -2.967069E-07    4.918173E-07
    3.865672E-01    0.000000E+00     5    2.910175E-02    1.127340E+02  -1.124647E-02    2.684080E-02
    3.865672E-01    0.000000E+00     6    1.760808E-07    4.463235E+01   1.253043E-07    1.237064E-07
    3.787744E-01    0.000000E+00     1    2.993726E-02    8.600254E+01   2.086992E-03    2.986443E-02
    3.787744E-01    0.000000E+00     2    1.518237E-06    5.035797E+01   9.686188E-07    1.169112E-06
    3.787744E-01    0.000000E+00     3    1.230662E-01    1.332247E+02  -8.428330E-02    8.967506E-02
    3.787744E-01    0.000000E+00     4    6.110550E-07    1.211435E+02  -3.160275E-07    5.229865E-07
    3.787744E-01    0.000000E+00     5    3.104389E-02    1.117267E+02  -1.149183E-02    2.883853E-02
    3.787744E-01    0.000000E+00     6    1.874258E-07    4.467854E+01   1.332715E-07    1.317844E-07
    3.712874E-01    0.000000E+00     1    3.160764E-02    8.569586E+01   2.372176E-03    3.151850E-02
    3.712874E-01    0.000000E+00     2    1.610406E-06    5.038294E+01   1.026881E-06    1.240533E-06
    3.712874E-01    0.000000E+00     3    1.294028E-01    1.325075E+02  -8.743569E-02    9.539437E-02
    3.712874E-01    0.000000E+00     4    6.481335E-07    1.211820E+02  -3.355765E-07    5.544957E-07
    3.712874E-01    0.000000E+00     5    3.300608E-02    1.108147E+02  -1.172862E-02    3.085192E-02
    3.712874E-01    0.000000E+00     6    1.989011E-07    4.472131E+01   1.413267E-07    1.399585E-07
    3.640928E-01    0.000000E+00     1    3.328369E-02    8.541050E+01   2.663236E-03    3.317696E-02
    3.640928E-01    0.000000E+00     2    1.703358E-06    5.040613E+01   1.085621E-06    1.312576E-06
    3.640928E-01    0.000000E+00     3    1.357319E-01    1.318234E+02  -9.051104E-02    1.011479E-01
    3.640928E-01    0.000000E+00     4    6.855263E-07    1.212178E+02  -3.553034E-07    5.862643E-07
    3.640928E-01    0.000000E+00     5    3.498285E-02    1.099856E+02  -1.195657E-02    3.287613E-02
    3.640928E-01    0.000000E+00     6    2.104772E-07    4.476099E+01   1.494494E-07    1.482077E-07
    3.571696E-01    0.000000E+00     1    3.496346E-02    8.514407E+01   2.959678E-03    3.483797E-02
    3.571696E-01    0.000000E+00     2    1.796968E-06    5.042775E+01   1.144760E-06    1.385142E-06
    3.571696E-01    0.000000E+00     3    1.420481E-01    1.311697E+02  -9.350900E-02    1.069286E-01
    3.571696E-01    0.000000E+00     4    7.231829E-07    1.212512E+02  -3.751811E-07    6.182497E-07
    3.571696E-01    0.000000E+00     5    3.697120E-02    1.092280E+02  -1.217569E-02    3.490877E-02
    3.571696E-01    0.000000E+00     6    2.221383E-07    4.479794E+01   1.576285E-07    1.565206E-07
    3.505049E-01    0.000000E+00     1    3.664352E-02    8.489474E+01   3.260750E-03    3.649816E-02
    3.505049E-01    0.000000E+00     2    1.891027E-06    5.044794E+01   1.204166E-06    1.458069E-06
    3.505049E-01    0.000000E+00     3    1.483402E-01    1.305443E+02  -9.642649E-02    1.127242E-01
    3.505049E-01    0.000000E+00     4    7.610192E-07    1.212824E+02  -3.951648E-07    6.503806E-07
    3.505049E-01    0.000000E+00     5    3.896648E-02    1.085334E+02  -1.238577E-02    3.694562E-02
    3.505049E-01    0.000000E+00     6    2.338583E-07    4.483242E+01   1.658457E-07    1.648784E-07
    3.440862E-01    0.000000E+00     1    3.832043E-02    8.466094E+01   3.565691E-03    3.815417E-02
    3.440862E-01    0.000000E+00     2    1.985324E-06    5.046683E+01   1.263708E-06    1.531194E-06
    3.440862E-01    0.000000E+00     3    1.545970E-01    1.299456E+02  -9.926048E-02    1.185225E-01
    3.440862E-01    0.000000E+00     4    7.989508E-07    1.213117E+02  -4.152097E-07    6.825857E-07
    3.440862E-01    0.000000E+00     5    4.096407E-02    1.078942E+02  -1.258665E-02    3.898245E-02
    3.440862E-01    0.000000E+00     6    2.456109E-07    4.486465E+01   1.740829E-07    1.732624E-07
    3.378965E-01    0.000000E+00     1    3.999223E-02    8.444109E+01   3.874016E-03    3.980415E-02
    3.378965E-01    0.000000E+00     2    2.079736E-06    5.048456E+01   1.323307E-06    1.604419E-06
    3.378965E-01    0.000000E+00     3    1.608126E-01    1.293714E+02  -1.020105E-01    1.243163E-01
    3.378965E-01    0.000000E+00     4    8.369275E-07    1.213392E+02  -4.352888E-07    7.148226E-07
    3.378965E-01    0.000000E+00     5    4.296124E-02    1.073038E+02  -1.277830E-02    4.101686E-02
    3.378965E-01    0.000000E+00     6    2.573804E-07    4.489487E+01   1.823291E-07    1.816612E-07
    3.319273E-01    0.000000E+00     1    4.165500E-02    8.423404E+01   4.184875E-03    4.144425E-02
    3.319273E-01    0.000000E+00     2    2.174024E-06    5.050122E+01   1.382814E-06    1.677560E-06
    3.319273E-01    0.000000E+00     3    1.669737E-01    1.288204E+02  -1.046728E-01    1.300917E-01
    3.319273E-01    0.000000E+00     4    8.748538E-07    1.213650E+02  -4.553514E-07    7.470102E-07
    3.319273E-01    0.000000E+00     5    4.495289E-02    1.067570E+02  -1.296049E-02    4.304403E-02
    3.319273E-01    0.000000E+00     6    2.691372E-07    4.492325E+01   1.905635E-07    1.900536E-07
    3.261637E-01    0.000000E+00     1    4.330678E-02    8.403859E+01   4.497785E-03    4.307258E-02
    3.261637E-01    0.000000E+00     2    2.268064E-06    5.051691E+01   1.442150E-06    1.750520E-06
    3.261637E-01    0.000000E+00     3    1.730744E-01    1.282910E+02  -1.072466E-01    1.358415E-01
    3.261637E-01    0.000000E+00     4    9.126793E-07    1.213894E+02  -4.753705E-07    7.791061E-07
    3.261637E-01    0.000000E+00     5    4.693637E-02    1.062488E+02  -1.313320E-02    4.506153E-02
    3.261637E-01    0.000000E+00     6    2.808654E-07    4.494996E+01   1.987752E-07    1.984283E-07
    3.205985E-01    0.000000E+00     1    4.494367E-02    8.385385E+01   4.811893E-03    4.468533E-02
    3.205985E-01    0.000000E+00     2    2.361618E-06    5.053171E+01   1.501165E-06    1.823114E-06
    3.205985E-01    0.000000E+00     3    1.791013E-01    1.277822E+02  -1.097284E-01    1.415519E-01
    3.205985E-01    0.000000E+00     4    9.503084E-07    1.214124E+02  -4.952952E-07    8.110294E-07
    3.205985E-01    0.000000E+00     5    4.890667E-02    1.057755E+02  -1.329621E-02    4.706457E-02
    3.205985E-01    0.000000E+00     6    2.925355E-07    4.497514E+01   2.069436E-07    2.067641E-07
    3.152184E-01    0.000000E+00     1    4.656369E-02    8.367885E+01   5.126719E-03    4.628060E-02
    3.152184E-01    0.000000E+00     2    2.454561E-06    5.054569E+01   1.559782E-06    1.895244E-06
    3.152184E-01    0.000000E+00     3    1.850481E-01    1.272924E+02  -1.121175E-01    1.472157E-01
    3.152184E-01    0.000000E+00     4    9.876909E-07    1.214341E+02  -5.150987E-07    8.427376E-07
    3.152184E-01    0.000000E+00     5    5.086119E-02    1.053334E+02  -1.344948E-02    4.905071E-02
    3.152184E-01    0.000000E+00     6    3.041317E-07    4.499892E+01   2.150577E-07    2.150495E-07
    3.100174E-01    0.000000E+00     1    4.816294E-02    8.351292E+01   5.441407E-03    4.785457E-02
    3.100174E-01    0.000000E+00     2    2.546655E-06    5.055892E+01   1.617850E-06    1.966727E-06
    3.100174E-01    0.000000E+00     3    1.909013E-01    1.268209E+02  -1.144102E-01    1.528189E-01
    3.100174E-01    0.000000E+00     4    1.024731E-06    1.214547E+02  -5.347302E-07    8.741498E-07
    3.100174E-01    0.000000E+00     5    5.279498E-02    1.049196E+02  -1.359279E-02    5.101516E-02
    3.100174E-01    0.000000E+00     6    3.156244E-07    4.502141E+01   2.230967E-07    2.232635E-07
    3.049838E-01    0.000000E+00     1    4.973945E-02    8.335527E+01   5.755479E-03    4.940534E-02
    3.049838E-01    0.000000E+00     2    2.637775E-06    5.057147E+01   1.675291E-06    2.037464E-06
    3.049838E-01    0.000000E+00     3    1.966546E-01    1.263664E+02  -1.166057E-01    1.583545E-01
    3.049838E-01    0.000000E+00     4    1.061379E-06    1.214743E+02  -5.541626E-07    9.052233E-07
    3.049838E-01    0.000000E+00     5    5.470546E-02    1.045313E+02  -1.372611E-02    5.295547E-02
    3.049838E-01    0.000000E+00     6    3.269977E-07    4.504272E+01   2.310498E-07    2.313946E-07
    3.001125E-01    0.000000E+00     1    5.128933E-02    8.320538E+01   6.068080E-03    5.092911E-02
    3.001125E-01    0.000000E+00     2    2.727685E-06    5.058337E+01   1.731957E-06    2.107271E-06
    3.001125E-01    0.000000E+00     3    2.022945E-01    1.259282E+02  -1.187006E-01    1.638085E-01
    3.001125E-01    0.000000E+00     4    1.097539E-06    1.214928E+02  -5.733454E-07    9.358777E-07
    3.001125E-01    0.000000E+00     5    5.658776E-02    1.041664E+02  -1.384923E-02    5.486687E-02
    3.001125E-01    0.000000E+00     6    3.382221E-07    4.506293E+01   2.388963E-07    2.394217E-07
    2.953930E-01    0.000000E+00     1    5.281058E-02    8.306259E+01   6.378729E-03    5.242394E-02
    2.953930E-01    0.000000E+00     2    2.816258E-06    5.059469E+01   1.787766E-06    2.176051E-06
    2.953930E-01    0.000000E+00     3    2.078143E-01    1.255053E+02  -1.206939E-01    1.691738E-01
    2.953930E-01    0.000000E+00     4    1.133160E-06    1.215105E+02  -5.922512E-07    9.660697E-07
    2.953930E-01    0.000000E+00     5    5.843927E-02    1.038226E+02  -1.396209E-02    5.674688E-02
    2.953930E-01    0.000000E+00     6    3.492817E-07    4.508214E+01   2.466251E-07    2.473333E-07
    2.908209E-01    0.000000E+00     1    5.429935E-02    8.292648E+01   6.686573E-03    5.388608E-02
    2.908209E-01    0.000000E+00     2    2.903258E-06    5.060546E+01   1.842573E-06    2.243621E-06
    2.908209E-01    0.000000E+00     3    2.132006E-01    1.250970E+02  -1.225823E-01    1.744364E-01
    2.908209E-01    0.000000E+00     4    1.168148E-06    1.215273E+02  -6.108297E-07    9.957195E-07
    2.908209E-01    0.000000E+00     5    6.025520E-02    1.034982E+02  -1.406451E-02    5.859078E-02
    2.908209E-01    0.000000E+00     6    3.601471E-07    4.510040E+01   2.542158E-07    2.551083E-07
    2.863869E-01    0.000000E+00     1    5.575360E-02    8.279653E+01   6.991130E-03    5.531355E-02
    2.863869E-01    0.000000E+00     2    2.988558E-06    5.061572E+01   1.896295E-06    2.309879E-06
    2.863869E-01    0.000000E+00     3    2.184465E-01    1.247024E+02  -1.243647E-01    1.795892E-01
    2.863869E-01    0.000000E+00     4    1.202451E-06    1.215433E+02  -6.290534E-07    1.024783E-06
    2.863869E-01    0.000000E+00     5    6.203293E-02    1.031916E+02  -1.415641E-02    6.039603E-02
    2.863869E-01    0.000000E+00     6    3.708022E-07    4.511781E+01   2.616571E-07    2.627353E-07
    2.820861E-01    0.000000E+00     1    5.716994E-02    8.267235E+01   7.291639E-03    5.670304E-02
    2.820861E-01    0.000000E+00     2    3.071948E-06    5.062551E+01   1.948802E-06    2.374665E-06
    2.820861E-01    0.000000E+00     3    2.235401E-01    1.243210E+02  -1.260384E-01    1.846198E-01
    2.820861E-01    0.000000E+00     4    1.235985E-06    1.215586E+02  -6.468776E-07    1.053190E-06
    2.820861E-01    0.000000E+00     5    6.376823E-02    1.029013E+02  -1.423764E-02    6.215848E-02
    2.820861E-01    0.000000E+00     6    3.812209E-07    4.513440E+01   2.689308E-07    2.701955E-07
    2.779138E-01    0.000000E+00     1    5.854504E-02    8.255361E+01   7.587345E-03    5.805130E-02
    2.779138E-01    0.000000E+00     2    3.153225E-06    5.063485E+01   1.999966E-06    2.437820E-06
    2.779138E-01    0.000000E+00     3    2.284698E-01    1.239522E+02  -1.276008E-01    1.895165E-01
    2.779138E-01    0.000000E+00     4    1.268668E-06    1.215732E+02  -6.642584E-07    1.080870E-06
    2.779138E-01    0.000000E+00     5    6.545691E-02    1.026261E+02  -1.430805E-02    6.387399E-02
    2.779138E-01    0.000000E+00     6    3.913775E-07    4.515024E+01   2.760190E-07    2.774704E-07
    2.738619E-01    0.000000E+00     1    5.987677E-02    8.243990E+01   7.877757E-03    5.935628E-02
    2.738619E-01    0.000000E+00     2    3.232255E-06    5.064379E+01   2.049701E-06    2.499239E-06
    2.738619E-01    0.000000E+00     3    2.332283E-01    1.235953E+02  -1.290506E-01    1.942715E-01
    2.738619E-01    0.000000E+00     4    1.300446E-06    1.215872E+02  -6.811672E-07    1.107778E-06
    2.738619E-01    0.000000E+00     5    6.709631E-02    1.023647E+02  -1.436756E-02    6.553997E-02
    2.738619E-01    0.000000E+00     6    4.012554E-07    4.516539E+01   2.829102E-07    2.845482E-07
    2.699276E-01    0.000000E+00     1    6.116140E-02    8.233096E+01   8.162035E-03    6.061434E-02
    2.699276E-01    0.000000E+00     2    3.308809E-06    5.065234E+01   2.097866E-06    2.558745E-06
    2.699276E-01    0.000000E+00     3    2.378025E-01    1.232498E+02  -1.303847E-01    1.988714E-01
    2.699276E-01    0.000000E+00     4    1.331228E-06    1.216005E+02  -6.975551E-07    1.133837E-06
    2.699276E-01    0.000000E+00     5    6.868180E-02    1.021162E+02  -1.441601E-02    6.715183E-02
    2.699276E-01    0.000000E+00     6    4.108260E-07    4.517987E+01   2.895844E-07    2.914084E-07
    2.661036E-01    0.000000E+00     1    6.239678E-02    8.222645E+01   8.439681E-03    6.182338E-02
    2.661036E-01    0.000000E+00     2    3.382753E-06    5.066053E+01   2.144374E-06    2.616234E-06
    2.661036E-01    0.000000E+00     3    2.421847E-01    1.229150E+02  -1.316019E-01    2.033086E-01
    2.661036E-01    0.000000E+00     4    1.360959E-06    1.216133E+02  -7.133931E-07    1.158999E-06
    2.661036E-01    0.000000E+00     5    7.021065E-02    1.018796E+02  -1.445330E-02    6.870689E-02
    2.661036E-01    0.000000E+00     6    4.200723E-07    4.519375E+01   2.960298E-07    2.980387E-07
    2.623876E-01    0.000000E+00     1    6.357923E-02    8.212616E+01   8.709863E-03    6.297981E-02
    2.623876E-01    0.000000E+00     2    3.453860E-06    5.066837E+01   2.189084E-06    2.671528E-06
    2.623876E-01    0.000000E+00     3    2.463620E-01    1.225907E+02  -1.326991E-01    2.075697E-01
    2.623876E-01    0.000000E+00     4    1.389548E-06    1.216256E+02  -7.286327E-07    1.183189E-06
    2.623876E-01    0.000000E+00     5    7.167829E-02    1.016541E+02  -1.447927E-02    7.020063E-02
    2.623876E-01    0.000000E+00     6    4.289662E-07    4.520705E+01   3.022268E-07    3.044190E-07
    2.587728E-01    0.000000E+00     1    6.470652E-02    8.202980E+01   8.972074E-03    6.408148E-02
    2.587728E-01    0.000000E+00     2    3.521993E-06    5.067591E+01   2.231909E-06    2.724521E-06
    2.587728E-01    0.000000E+00     3    2.503266E-01    1.222763E+02  -1.336750E-01    2.116469E-01
    2.587728E-01    0.000000E+00     4    1.416939E-06    1.216374E+02  -7.432442E-07    1.206360E-06
    2.587728E-01    0.000000E+00     5    7.308195E-02    1.014389E+02  -1.449383E-02    7.163030E-02
    2.587728E-01    0.000000E+00     6    4.374901E-07    4.521982E+01   3.081631E-07    3.105368E-07
    2.552574E-01    0.000000E+00     1    6.577504E-02    8.193721E+01   9.225491E-03    6.512485E-02
    2.552574E-01    0.000000E+00     2    3.586928E-06    5.068314E+01   2.272708E-06    2.775041E-06
    2.552574E-01    0.000000E+00     3    2.540657E-01    1.219714E+02  -1.345267E-01    2.155272E-01
    2.552574E-01    0.000000E+00     4    1.443043E-06    1.216488E+02  -7.571800E-07    1.228435E-06
    2.552574E-01    0.000000E+00     5    7.441714E-02    1.012333E+02  -1.449683E-02    7.299146E-02
    2.552574E-01    0.000000E+00     6    4.456163E-07    4.523207E+01   3.138194E-07    3.163720E-07
    2.518351E-01    0.000000E+00     1    6.678251E-02    8.184812E+01   9.469597E-03    6.610771E-02
    2.518351E-01    0.000000E+00     2    3.648524E-06    5.069010E+01   2.311393E-06    2.822975E-06
    2.518351E-01    0.000000E+00     3    2.575711E-01    1.216755E+02  -1.352525E-01    2.192023E-01
    2.518351E-01    0.000000E+00     4    1.467803E-06    1.216597E+02  -7.704096E-07    1.249366E-06
    2.518351E-01    0.000000E+00     5    7.568101E-02    1.010367E+02  -1.448815E-02    7.428129E-02
    2.518351E-01    0.000000E+00     6    4.533270E-07    4.524386E+01   3.191834E-07    3.219120E-07
    2.485044E-01    0.000000E+00     1    6.772537E-02    8.176240E+01   9.703581E-03    6.702661E-02
    2.485044E-01    0.000000E+00     2    3.706562E-06    5.069679E+01   2.347826E-06    2.868155E-06
    2.485044E-01    0.000000E+00     3    2.608303E-01    1.213884E+02  -1.358500E-01    2.226595E-01
    2.485044E-01    0.000000E+00     4    1.491131E-06    1.216702E+02  -7.828862E-07    1.269079E-06
    2.485044E-01    0.000000E+00     5    7.686917E-02    1.008484E+02  -1.446767E-02    7.549540E-02
    2.485044E-01    0.000000E+00     6    4.605949E-07    4.525519E+01   3.242359E-07    3.271371E-07
    2.452597E-01    0.000000E+00     1    6.860126E-02    8.167983E+01   9.926914E-03    6.787923E-02
    2.452597E-01    0.000000E+00     2    3.760896E-06    5.070323E+01   2.381916E-06    2.910467E-06
    2.452597E-01    0.000000E+00     3    2.638348E-01    1.211096E+02  -1.363171E-01    2.258904E-01
    2.452597E-01    0.000000E+00     4    1.512968E-06    1.216803E+02  -7.945784E-07    1.287524E-06
    2.452597E-01    0.000000E+00     5    7.797867E-02    1.006680E+02  -1.443525E-02    7.663091E-02
    2.452597E-01    0.000000E+00     6    4.674015E-07    4.526611E+01   3.289642E-07    3.320342E-07
    2.420995E-01    0.000000E+00     1    6.940673E-02    8.160029E+01   1.013880E-02    6.866221E-02
    2.420995E-01    0.000000E+00     2    3.811312E-06    5.070943E+01   2.413527E-06    2.949744E-06
    2.420995E-01    0.000000E+00     3    2.665723E-01    1.208388E+02  -1.366516E-01    2.288824E-01
    2.420995E-01    0.000000E+00     4    1.533228E-06    1.216900E+02  -8.054403E-07    1.304628E-06
    2.420995E-01    0.000000E+00     5    7.900523E-02    1.004950E+02  -1.439078E-02    7.768353E-02
    2.420995E-01    0.000000E+00     6    4.737202E-07    4.527663E+01   3.333496E-07    3.365841E-07
    2.390189E-01    0.000000E+00     1    7.013933E-02    8.152359E+01   1.033869E-02    6.937317E-02
    2.390189E-01    0.000000E+00     2    3.857659E-06    5.071542E+01   2.442564E-06    2.985869E-06
    2.390189E-01    0.000000E+00     3    2.690341E-01    1.205757E+02  -1.368514E-01    2.316269E-01
    2.390189E-01    0.000000E+00     4    1.551851E-06    1.216994E+02  -8.154396E-07    1.320340E-06
    2.390189E-01    0.000000E+00     5    7.994580E-02    1.003289E+02  -1.433411E-02    7.865026E-02
    2.390189E-01    0.000000E+00     6    4.795320E-07    4.528678E+01   3.373789E-07    3.407732E-07
    2.360165E-01    0.000000E+00     1    7.079567E-02    8.144965E+01   1.052580E-02    7.000882E-02
    2.360165E-01    0.000000E+00     2    3.899728E-06    5.072119E+01   2.468897E-06    3.018679E-06
    2.360165E-01    0.000000E+00     3    2.712080E-01    1.203201E+02  -1.369143E-01    2.341117E-01
    2.360165E-01    0.000000E+00     4    1.568751E-06    1.217085E+02  -8.245314E-07    1.334589E-06
    2.360165E-01    0.000000E+00     5    8.079620E-02    1.001693E+02  -1.426516E-02    7.952692E-02
    2.360165E-01    0.000000E+00     6    4.848107E-07    4.529657E+01   3.410339E-07    3.445828E-07
    2.330878E-01    0.000000E+00     1    7.137322E-02    8.137828E+01   1.069957E-02    7.056667E-02
    2.330878E-01    0.000000E+00     2    3.937362E-06    5.072676E+01   2.492427E-06    3.048054E-06
    2.330878E-01    0.000000E+00     3    2.730850E-01    1.200716E+02  -1.368380E-01    2.363277E-01
    2.330878E-01    0.000000E+00     4    1.583867E-06    1.217172E+02  -8.326822E-07    1.347321E-06
    2.330878E-01    0.000000E+00     5    8.155330E-02    1.000158E+02  -1.418374E-02    8.031041E-02
    2.330878E-01    0.000000E+00     6    4.895368E-07    4.530603E+01   3.443010E-07    3.479987E-07
    2.302309E-01    0.000000E+00     1    7.186883E-02    8.130939E+01   1.085929E-02    7.104368E-02
    2.302309E-01    0.000000E+00     2    3.970368E-06    5.073215E+01   2.513031E-06    3.073841E-06
    2.302309E-01    0.000000E+00     3    2.746537E-01    1.198300E+02  -1.366205E-01    2.382635E-01
    2.302309E-01    0.000000E+00     4    1.597120E-06    1.217257E+02  -8.398503E-07    1.358471E-06
    2.302309E-01    0.000000E+00     5    8.221319E-02    9.986810E+01  -1.408975E-02    8.099684E-02
    2.302309E-01    0.000000E+00     6    4.936860E-07    4.531517E+01   3.471632E-07    3.510037E-07
    2.274440E-01    0.000000E+00     1    7.227947E-02    8.124291E+01   1.100424E-02    7.143688E-02
    2.274440E-01    0.000000E+00     2    3.998556E-06    5.073735E+01   2.530591E-06    3.095894E-06
    2.274440E-01    0.000000E+00     3    2.759034E-01    1.195951E+02  -1.362596E-01    2.399084E-01
    2.274440E-01    0.000000E+00     4    1.608434E-06    1.217339E+02  -8.459952E-07    1.367974E-06
    2.274440E-01    0.000000E+00     5    8.277210E-02    9.972590E+01  -1.398310E-02    8.158243E-02
    2.274440E-01    0.000000E+00     6    4.972344E-07    4.532401E+01   3.496039E-07    3.535805E-07
    2.247229E-01    0.000000E+00     1    7.260243E-02    8.117868E+01   1.113384E-02    7.174364E-02
    2.247229E-01    0.000000E+00     2    4.021762E-06    5.074239E+01   2.545004E-06    3.114084E-06
    2.247229E-01    0.000000E+00     3    2.768242E-01    1.193665E+02  -1.357529E-01    2.412525E-01
    2.247229E-01    0.000000E+00     4    1.617743E-06    1.217418E+02  -8.510816E-07    1.375773E-06
    2.247229E-01    0.000000E+00     5    8.322671E-02    9.958882E+01  -1.386361E-02    8.206392E-02
    2.247229E-01    0.000000E+00     6    5.001616E-07    4.533257E+01   3.516089E-07    3.557146E-07
    2.220670E-01    0.000000E+00     1    7.283460E-02    8.111666E+01   1.124735E-02    7.196093E-02
    2.220670E-01    0.000000E+00     2    4.039790E-06    5.074726E+01   2.556146E-06    3.128261E-06
    2.220670E-01    0.000000E+00     3    2.774051E-01    1.191442E+02  -1.350987E-01    2.422848E-01
    2.220670E-01    0.000000E+00     4    1.624968E-06    1.217494E+02  -8.550677E-07    1.381804E-06
    2.220670E-01    0.000000E+00     5    8.357314E-02    9.945667E+01  -1.373120E-02    8.243740E-02
    2.220670E-01    0.000000E+00     6    5.024432E-07    4.534086E+01   3.531610E-07    3.573883E-07
    2.194723E-01    0.000000E+00     1    7.297318E-02    8.105672E+01   1.134417E-02    7.208602E-02
    2.194723E-01    0.000000E+00     2    4.052470E-06    5.075198E+01   2.563911E-06    3.138291E-06
    2.194723E-01    0.000000E+00     3    2.776357E-01    1.189278E+02  -1.342943E-01    2.429951E-01
    2.194723E-01    0.000000E+00     4    1.630041E-06    1.217569E+02  -8.579169E-07    1.386006E-06
    2.194723E-01    0.000000E+00     5    8.380796E-02    9.932910E+01  -1.358569E-02    8.269948E-02
    2.194723E-01    0.000000E+00     6    5.040576E-07    4.534890E+01   3.542455E-07    3.585864E-07
    2.169383E-01    0.000000E+00     1    7.301515E-02    8.099883E+01   1.142356E-02    7.211597E-02
    2.169383E-01    0.000000E+00     2    4.059613E-06    5.075655E+01   2.568179E-06    3.144028E-06
    2.169383E-01    0.000000E+00     3    2.775054E-01    1.187173E+02  -1.333380E-01    2.433726E-01
    2.169383E-01    0.000000E+00     4    1.632886E-06    1.217641E+02  -8.595886E-07    1.388317E-06
    2.169383E-01    0.000000E+00     5    8.392740E-02    9.920596E+01  -1.342703E-02    8.284639E-02
    2.169383E-01    0.000000E+00     6    5.049814E-07    4.535670E+01   3.548459E-07    3.592919E-07
    2.144615E-01    0.000000E+00     1    7.295760E-02    8.094287E+01   1.148492E-02    7.204795E-02
    2.144615E-01    0.000000E+00     2    4.061043E-06    5.076099E+01   2.568840E-06    3.145334E-06
    2.144615E-01    0.000000E+00     3    2.770035E-01    1.185124E+02  -1.322271E-01    2.434070E-01
    2.144615E-01    0.000000E+00     4    1.633432E-06    1.217711E+02  -8.600451E-07    1.388676E-06
    2.144615E-01    0.000000E+00     5    8.392791E-02    9.908695E+01  -1.325499E-02    8.287460E-02
    2.144615E-01    0.000000E+00     6    5.051923E-07    4.536427E+01   3.549466E-07    3.594888E-07
    2.120413E-01    0.000000E+00     1    7.279763E-02    8.088883E+01   1.152754E-02    7.187914E-02
    2.120413E-01    0.000000E+00     2    4.056576E-06    5.076529E+01   2.565779E-06    3.142067E-06
    2.120413E-01    0.000000E+00     3    2.761198E-01    1.183130E+02  -1.309601E-01    2.430876E-01
    2.120413E-01    0.000000E+00     4    1.631605E-06    1.217778E+02  -8.592471E-07    1.387021E-06
    2.120413E-01    0.000000E+00     5    8.380585E-02    9.897193E+01  -1.306957E-02    8.278048E-02
    2.120413E-01    0.000000E+00     6    5.046676E-07    4.537162E+01   3.545318E-07    3.591609E-07
    2.096743E-01    0.000000E+00     1    7.253222E-02    8.083662E+01   1.155078E-02    7.160658E-02
    2.096743E-01    0.000000E+00     2    4.046029E-06    5.076947E+01   2.558880E-06    3.134085E-06
    2.096743E-01    0.000000E+00     3    2.748431E-01    1.181189E+02  -1.295341E-01    2.424038E-01
    2.096743E-01    0.000000E+00     4    1.627331E-06    1.217844E+02  -8.571554E-07    1.383290E-06
    2.096743E-01    0.000000E+00     5    8.355753E-02    9.886064E+01  -1.287051E-02    8.256035E-02
    2.096743E-01    0.000000E+00     6    5.033842E-07    4.537878E+01   3.535855E-07    3.582917E-07
    2.073604E-01    0.000000E+00     1    7.215859E-02    8.078621E+01   1.155395E-02    7.122758E-02
    2.073604E-01    0.000000E+00     2    4.029228E-06    5.077352E+01   2.548033E-06    3.121251E-06
    2.073604E-01    0.000000E+00     3    2.731635E-01    1.179300E+02  -1.279477E-01    2.413455E-01
    2.073604E-01    0.000000E+00     4    1.620540E-06    1.217908E+02  -8.537322E-07    1.377422E-06
    2.073604E-01    0.000000E+00     5    8.317948E-02    9.875297E+01  -1.265781E-02    8.221074E-02
    2.073604E-01    0.000000E+00     6    5.013201E-07    4.538573E+01   3.520923E-07    3.568653E-07
    2.050963E-01    0.000000E+00     1    7.167358E-02    8.073753E+01   1.153639E-02    7.073905E-02
    2.050963E-01    0.000000E+00     2    4.005980E-06    5.077747E+01   2.533118E-06    3.103416E-06
    2.050963E-01    0.000000E+00     3    2.710694E-01    1.177462E+02  -1.261979E-01    2.399015E-01
    2.050963E-01    0.000000E+00     4    1.611155E-06    1.217970E+02  -8.489367E-07    1.369353E-06
    2.050963E-01    0.000000E+00     5    8.266784E-02    9.864869E+01  -1.243121E-02    8.172782E-02
    2.050963E-01    0.000000E+00     6    4.984515E-07    4.539251E+01   3.500356E-07    3.548647E-07
    2.028817E-01    0.000000E+00     1    7.107455E-02    8.069058E+01   1.149745E-02    7.013843E-02
    2.028817E-01    0.000000E+00     2    3.976119E-06    5.078130E+01   2.514029E-06    3.080451E-06
    2.028817E-01    0.000000E+00     3    2.685516E-01    1.175674E+02  -1.242834E-01    2.380621E-01
    2.028817E-01    0.000000E+00     4    1.599109E-06    1.218031E+02  -8.427329E-07    1.359026E-06
    2.028817E-01    0.000000E+00     5    8.201928E-02    9.854769E+01  -1.219074E-02    8.110825E-02
    2.028817E-01    0.000000E+00     6    4.947573E-07    4.539911E+01   3.474008E-07    3.522747E-07
    2.007138E-01    0.000000E+00     1    7.035820E-02    8.064531E+01   1.143643E-02    6.942250E-02
    2.007138E-01    0.000000E+00     2    3.939445E-06    5.078503E+01   2.490642E-06    3.052201E-06
    2.007138E-01    0.000000E+00     3    2.655977E-01    1.173934E+02  -1.222010E-01    2.358157E-01
    2.007138E-01    0.000000E+00     4    1.584321E-06    1.218090E+02  -8.350781E-07    1.346372E-06
    2.007138E-01    0.000000E+00     5    8.122981E-02    9.844978E+01  -1.193611E-02    8.034807E-02
    2.007138E-01    0.000000E+00     6    4.902127E-07    4.540556E+01   3.441705E-07    3.490776E-07
    1.985918E-01    0.000000E+00     1    6.952176E-02    8.060170E+01   1.135267E-02    6.858857E-02
    1.985918E-01    0.000000E+00     2    3.895785E-06    5.078867E+01   2.462847E-06    3.018530E-06
    1.985918E-01    0.000000E+00     3    2.621979E-01    1.172243E+02  -1.199491E-01    2.331523E-01
    1.985918E-01    0.000000E+00     4    1.566722E-06    1.218147E+02  -8.259352E-07    1.331334E-06
    1.985918E-01    0.000000E+00     5    8.029597E-02    9.835484E+01  -1.166727E-02    7.944380E-02
    1.985918E-01    0.000000E+00     6    4.847959E-07    4.541185E+01   3.403295E-07    3.452577E-07
    1.965147E-01    0.000000E+00     1    6.856260E-02    8.055977E+01   1.124554E-02    6.763407E-02
    1.965147E-01    0.000000E+00     2    3.844973E-06    5.079221E+01   2.430541E-06    2.979310E-06
    1.965147E-01    0.000000E+00     3    2.583428E-01    1.170600E+02  -1.175262E-01    2.300622E-01
    1.965147E-01    0.000000E+00     4    1.546245E-06    1.218203E+02  -8.152686E-07    1.313854E-06
    1.965147E-01    0.000000E+00     5    7.921447E-02    9.826278E+01  -1.138418E-02    7.839218E-02
    1.965147E-01    0.000000E+00     6    4.784862E-07    4.541800E+01   3.358635E-07    3.408001E-07
    1.944801E-01    0.000000E+00     1    6.747722E-02    8.051949E+01   1.111432E-02    6.655559E-02
    1.944801E-01    0.000000E+00     2    3.786798E-06    5.079566E+01   2.393590E-06    2.934377E-06
    1.944801E-01    0.000000E+00     3    2.540194E-01    1.169004E+02  -1.149287E-01    2.265331E-01
    1.944801E-01    0.000000E+00     4    1.522806E-06    1.218258E+02  -8.030332E-07    1.293861E-06
    1.944801E-01    0.000000E+00     5    7.798106E-02    9.817341E+01  -1.108654E-02    7.718895E-02
    1.944801E-01    0.000000E+00     6    4.712571E-07    4.542402E+01   3.307539E-07    3.356860E-07
    1.924878E-01    0.000000E+00     1    6.626332E-02    8.048089E+01   1.095840E-02    6.535091E-02
    1.924878E-01    0.000000E+00     2    3.721114E-06    5.079902E+01   2.351902E-06    2.883617E-06
    1.924878E-01    0.000000E+00     3    2.492196E-01    1.167455E+02  -1.121559E-01    2.225567E-01
    1.924878E-01    0.000000E+00     4    1.496345E-06    1.218311E+02  -7.891973E-07    1.271304E-06
    1.924878E-01    0.000000E+00     5    7.659284E-02    9.808669E+01  -1.077441E-02    7.583123E-02
    1.924878E-01    0.000000E+00     6    4.630903E-07    4.542992E+01   3.249881E-07    3.299021E-07
    1.905352E-01    0.000000E+00     1    6.491725E-02    8.044397E+01   1.077704E-02    6.401644E-02
    1.905352E-01    0.000000E+00     2    3.647700E-06    5.080231E+01   2.305339E-06    2.826858E-06
    1.905352E-01    0.000000E+00     3    2.439300E-01    1.165954E+02  -1.092042E-01    2.181199E-01
    1.905352E-01    0.000000E+00     4    1.466773E-06    1.218363E+02  -7.737138E-07    1.246110E-06
    1.905352E-01    0.000000E+00     5    7.504536E-02    9.800245E+01  -1.044747E-02    7.431457E-02
    1.905352E-01    0.000000E+00     6    4.539582E-07    4.543571E+01   3.185466E-07    3.234287E-07
    1.886225E-01    0.000000E+00     1    6.343689E-02    8.040881E+01   1.056967E-02    6.255014E-02
    1.886225E-01    0.000000E+00     2    3.566418E-06    5.080553E+01   2.253814E-06    2.763994E-06
    1.886225E-01    0.000000E+00     3    2.381430E-01    1.164500E+02  -1.060730E-01    2.132149E-01
    1.886225E-01    0.000000E+00     4    1.434035E-06    1.218414E+02  -7.565531E-07    1.218230E-06
    1.886225E-01    0.000000E+00     5    7.333592E-02    9.792065E+01  -1.010580E-02    7.263629E-02
    1.886225E-01    0.000000E+00     6    4.438435E-07    4.544140E+01   3.114176E-07    3.162533E-07
    1.867472E-01    0.000000E+00     1    6.181840E-02    8.037544E+01   1.033551E-02    6.094827E-02
    1.867472E-01    0.000000E+00     2    3.477039E-06    5.080867E+01   2.197183E-06    2.694845E-06
    1.867472E-01    0.000000E+00     3    2.318445E-01    1.163096E+02  -1.027583E-01    2.078283E-01
    1.867472E-01    0.000000E+00     4    1.398040E-06    1.218463E+02  -7.376661E-07    1.187587E-06
    1.867472E-01    0.000000E+00     5    7.145988E-02    9.784114E+01  -9.749054E-03    7.079174E-02
    1.867472E-01    0.000000E+00     6    4.327175E-07    4.544701E+01   3.035810E-07    3.083553E-07
    1.849094E-01    0.000000E+00     1    6.005983E-02    8.034396E+01   1.007401E-02    5.920893E-02
    1.849094E-01    0.000000E+00     2    3.379435E-06    5.081175E+01   2.135365E-06    2.619312E-06
    1.849094E-01    0.000000E+00     3    2.250276E-01    1.161742E+02  -9.925997E-02    2.019526E-01
    1.849094E-01    0.000000E+00     4    1.358734E-06    1.218512E+02  -7.170251E-07    1.154138E-06
    1.849094E-01    0.000000E+00     5    6.941475E-02    9.776390E+01  -9.377328E-03    6.877843E-02
    1.849094E-01    0.000000E+00     6    4.205642E-07    4.545254E+01   2.950257E-07    2.997233E-07
    1.831069E-01    0.000000E+00     1    5.815718E-02    8.031449E+01   9.784371E-03    5.732821E-02
    1.831069E-01    0.000000E+00     2    3.273366E-06    5.081476E+01   2.068210E-06    2.537210E-06
    1.831069E-01    0.000000E+00     3    2.176775E-01    1.160440E+02  -9.557367E-02    1.955740E-01
    1.831069E-01    0.000000E+00     4    1.316023E-06    1.218560E+02  -6.945790E-07    1.117800E-06
    1.831069E-01    0.000000E+00     5    6.719567E-02    9.768880E+01  -8.990272E-03    6.659154E-02
    1.831069E-01    0.000000E+00     6    4.073535E-07    4.545802E+01   2.857306E-07    2.903358E-07
    1.813397E-01    0.000000E+00     1    5.610867E-02    8.028719E+01   9.466085E-03    5.530440E-02
    1.813397E-01    0.000000E+00     2    3.158714E-06    5.081773E+01   1.995643E-06    2.448446E-06
    1.813397E-01    0.000000E+00     3    2.097881E-01    1.159193E+02  -9.169945E-02    1.886856E-01
    1.813397E-01    0.000000E+00     4    1.269858E-06    1.218607E+02  -6.703024E-07    1.078533E-06
    1.813397E-01    0.000000E+00     5    6.480035E-02    9.761582E+01  -8.587990E-03    6.422875E-02
    1.813397E-01    0.000000E+00     6    3.930707E-07    4.546346E+01   2.756856E-07    2.801821E-07
    1.796058E-01    0.000000E+00     1    5.391013E-02    8.026225E+01   9.118297E-03    5.313341E-02
    1.796058E-01    0.000000E+00     2    3.035230E-06    5.082064E+01   1.917507E-06    2.352826E-06
    1.796058E-01    0.000000E+00     3    2.013438E-01    1.158006E+02  -8.763284E-02    1.812728E-01
    1.796058E-01    0.000000E+00     4    1.220139E-06    1.218654E+02  -6.441417E-07    1.036253E-06
    1.796058E-01    0.000000E+00     5    6.222374E-02    9.754485E+01  -8.170117E-03    6.168503E-02
    1.796058E-01    0.000000E+00     6    3.776845E-07    4.546888E+01   2.648688E-07    2.692398E-07
    1.779052E-01    0.000000E+00     1    5.155995E-02    8.023997E+01   8.740549E-03    5.081369E-02
    1.779052E-01    0.000000E+00     2    2.902806E-06    5.082352E+01   1.833735E-06    2.250266E-06
    1.779052E-01    0.000000E+00     3    1.923392E-01    1.156883E+02  -8.337409E-02    1.733295E-01
    1.779052E-01    0.000000E+00     4    1.166823E-06    1.218699E+02  -6.160739E-07    9.909230E-07
    1.779052E-01    0.000000E+00     5    5.946376E-02    9.747590E+01  -7.736774E-03    5.895830E-02
    1.779052E-01    0.000000E+00     6    3.611814E-07    4.547431E+01   2.532709E-07    2.574992E-07
    1.762361E-01    0.000000E+00     1    4.905379E-02    8.022071E+01   8.331948E-03    4.834100E-02
    1.762361E-01    0.000000E+00     2    2.761181E-06    5.082636E+01   1.744163E-06    2.140564E-06
    1.762361E-01    0.000000E+00     3    1.827580E-01    1.155831E+02  -7.891848E-02    1.648404E-01
    1.762361E-01    0.000000E+00     4    1.109805E-06    1.218745E+02  -5.860432E-07    9.424540E-07
    1.762361E-01    0.000000E+00     5    5.651513E-02    9.740887E+01  -7.287578E-03    5.604330E-02
    1.762361E-01    0.000000E+00     6    3.435289E-07    4.547977E+01   2.408691E-07    2.449371E-07
    1.745979E-01    0.000000E+00     1    4.638938E-02    8.020499E+01   7.891934E-03    4.571315E-02
    1.745979E-01    0.000000E+00     2    2.610212E-06    5.082917E+01   1.648701E-06    2.023609E-06
    1.745979E-01    0.000000E+00     3    1.725923E-01    1.154861E+02  -7.426508E-02    1.557974E-01
    1.745979E-01    0.000000E+00     4    1.049027E-06    1.218790E+02  -5.540188E-07    8.907975E-07
    1.745979E-01    0.000000E+00     5    5.337503E-02    9.734378E+01  -6.822528E-03    5.293720E-02
    1.745979E-01    0.000000E+00     6    3.247090E-07    4.548532E+01   2.276509E-07    2.315405E-07
    1.729904E-01    0.000000E+00     1    4.356468E-02    8.019351E+01   7.419986E-03    4.292813E-02
    1.729904E-01    0.000000E+00     2    2.449768E-06    5.083198E+01   1.547266E-06    1.899298E-06
    1.729904E-01    0.000000E+00     3    1.618348E-01    1.153987E+02  -6.941321E-02    1.461927E-01
    1.729904E-01    0.000000E+00     4    9.844362E-07    1.218835E+02  -5.199724E-07    8.359087E-07
    1.729904E-01    0.000000E+00     5    5.004088E-02    9.728063E+01  -6.341644E-03    4.963741E-02
    1.729904E-01    0.000000E+00     6    3.047051E-07    4.549100E+01   2.136048E-07    2.172975E-07
    1.714118E-01    0.000000E+00     1    4.057504E-02    8.018725E+01   6.915154E-03    3.998143E-02
    1.714118E-01    0.000000E+00     2    2.279571E-06    5.083479E+01   1.439683E-06    1.767416E-06
    1.714118E-01    0.000000E+00     3    1.504682E-01    1.153228E+02  -6.435778E-02    1.360101E-01
    1.714118E-01    0.000000E+00     4    9.159215E-07    1.218880E+02  -4.838447E-07    7.776931E-07
    1.714118E-01    0.000000E+00     5    4.650704E-02    9.721942E+01  -5.844513E-03    4.613834E-02
    1.714118E-01    0.000000E+00     6    2.834826E-07    4.549688E+01   1.987066E-07    2.021833E-07
    1.698622E-01    0.000000E+00     1    3.741935E-02    8.018766E+01   6.377072E-03    3.687195E-02
    1.698622E-01    0.000000E+00     2    2.099542E-06    5.083763E+01   1.325903E-06    1.627900E-06
    1.698622E-01    0.000000E+00     3    1.384888E-01    1.152613E+02  -5.909965E-02    1.252452E-01
    1.698622E-01    0.000000E+00     4    8.434506E-07    1.218925E+02  -4.456185E-07    7.161237E-07
    1.698622E-01    0.000000E+00     5    4.277201E-02    9.716024E+01  -5.331305E-03    4.243845E-02
    1.698622E-01    0.000000E+00     6    2.610315E-07    4.550308E+01   1.829494E-07    1.861907E-07
    1.683399E-01    0.000000E+00     1    3.409276E-02    8.019686E+01   5.804753E-03    3.359496E-02
    1.683399E-01    0.000000E+00     2    1.909392E-06    5.084053E+01   1.205744E-06    1.480526E-06
    1.683399E-01    0.000000E+00     3    1.258787E-01    1.152186E+02  -5.363350E-02    1.138810E-01
    1.683399E-01    0.000000E+00     4    7.669073E-07    1.218972E+02  -4.052320E-07    6.511020E-07
    1.683399E-01    0.000000E+00     5    3.882995E-02    9.710319E+01  -4.801587E-03    3.853193E-02
    1.683399E-01    0.000000E+00     6    2.373156E-07    4.550974E+01   1.663079E-07    1.692938E-07
    1.668451E-01    0.000000E+00     1    3.059436E-02    8.021821E+01   5.197870E-03    3.014958E-02
    1.668451E-01    0.000000E+00     2    1.709052E-06    5.084355E+01   1.079164E-06    1.325241E-06
    1.668451E-01    0.000000E+00     3    1.126350E-01    1.152016E+02  -4.796044E-02    1.019138E-01
    1.668451E-01    0.000000E+00     4    6.862643E-07    1.219022E+02  -3.626704E-07    5.826053E-07
    1.668451E-01    0.000000E+00     5    3.467959E-02    9.704856E+01  -4.255549E-03    3.441750E-02
    1.668451E-01    0.000000E+00     6    2.123265E-07    4.551711E+01   1.487764E-07    1.514864E-07
    1.653761E-01    0.000000E+00     1    2.691912E-02    8.025723E+01   4.555394E-03    2.653088E-02
    1.653761E-01    0.000000E+00     2    1.498223E-06    5.084677E+01   9.459726E-07    1.161812E-06
    1.653761E-01    0.000000E+00     3    9.873912E-02    1.152217E+02  -4.207489E-02    8.932591E-02
    1.653761E-01    0.000000E+00     4    6.014006E-07    1.219075E+02  -3.178695E-07    5.105307E-07
    1.653761E-01    0.000000E+00     5    3.031482E-02    9.699675E+01  -3.692739E-03    3.008907E-02
    1.653761E-01    0.000000E+00     6    1.860264E-07    4.552559E+01   1.303284E-07    1.327417E-07
    1.639333E-01    0.000000E+00     1    2.306634E-02    8.032367E+01   3.877041E-03    2.273817E-02
    1.639333E-01    0.000000E+00     2    1.276848E-06    5.085033E+01   8.061358E-07    9.901949E-07
    1.639333E-01    0.000000E+00     3    8.418914E-02    1.152995E+02  -3.597820E-02    7.611426E-02
    1.639333E-01    0.000000E+00     4    5.122939E-07    1.219134E+02  -2.708172E-07    4.348598E-07
    1.639333E-01    0.000000E+00     5    2.573464E-02    9.694864E+01  -3.113367E-03    2.554562E-02
    1.639333E-01    0.000000E+00     6    1.584085E-07    4.553591E+01   1.109591E-07    1.130545E-07
    1.625149E-01    0.000000E+00     1    1.903081E-02    8.043666E+01   3.161739E-03    1.876633E-02
    1.625149E-01    0.000000E+00     2    1.044614E-06    5.085455E+01   6.594559E-07    8.101464E-07
    1.625149E-01    0.000000E+00     3    6.896629E-02    1.154759E+02  -2.966455E-02    6.226045E-02
    1.625149E-01    0.000000E+00     4    4.188180E-07    1.219205E+02  -2.214464E-07    3.554855E-07
    1.625149E-01    0.000000E+00     5    2.093268E-02    9.690599E+01  -2.516959E-03    2.078081E-02
    1.625149E-01    0.000000E+00     6    1.294334E-07    4.554950E+01   9.064129E-08    9.239677E-08
    1.611214E-01    0.000000E+00     1    1.481212E-02    8.063903E+01   2.409247E-03    1.461487E-02
    1.611214E-01    0.000000E+00     2    8.014795E-07    5.086011E+01   5.059066E-07    6.216332E-07
    1.611214E-01    0.000000E+00     3    5.307056E-02    1.158451E+02  -2.313556E-02    4.776223E-02
    1.611214E-01    0.000000E+00     4    3.209558E-07    1.219300E+02  -1.697479E-07    2.723937E-07
    1.611214E-01    0.000000E+00     5    1.590821E-02    9.687310E+01  -1.903746E-03    1.579389E-02
    1.611214E-01    0.000000E+00     6    9.909584E-08    4.556972E+01   6.937113E-08    7.076462E-08
    1.597511E-01    0.000000E+00     1    1.040509E-02    8.105165E+01   1.618450E-03    1.027845E-02
    1.597511E-01    0.000000E+00     2    5.471165E-07    5.086908E+01   3.452822E-07    4.244015E-07
    1.597511E-01    0.000000E+00     3    3.648641E-02    1.166843E+02  -1.638513E-02    3.260039E-02
    1.597511E-01    0.000000E+00     4    2.185761E-07    1.219456E+02  -1.156517E-07    1.854728E-07
    1.597511E-01    0.000000E+00     5    1.065460E-02    9.686331E+01  -1.273236E-03    1.057825E-02
    1.597511E-01    0.000000E+00     6    6.735496E-08    4.560673E+01   4.712014E-08    4.812881E-08
    1.584043E-01    0.000000E+00     1    5.810648E-03    8.219447E+01   7.891513E-04    5.756811E-03
    1.584043E-01    0.000000E+00     2    2.814963E-07    5.089168E+01   1.775646E-07    2.184284E-07
    1.584043E-01    0.000000E+00     3    1.923524E-02    1.193060E+02  -9.415141E-03    1.677348E-02
    1.584043E-01    0.000000E+00     4    1.116669E-07    1.219861E+02  -5.915150E-08    9.471325E-08
    1.584043E-01    0.000000E+00     5    5.171377E-03    9.694916E+01  -6.256777E-04    5.133388E-03
    1.584043E-01    0.000000E+00     6    3.420708E-08    4.571160E+01   2.388579E-08    2.448660E-08
    1.570796E-01    0.000000E+00     1    1.047431E-03    9.437000E+01  -7.981107E-05    1.044386E-03
    1.570796E-01    0.000000E+00     2    4.283680E-09    5.364000E+01   2.539609E-09    3.449681E-09
    1.570796E-01    0.000000E+00     3    2.234597E-03    1.732800E+02  -2.219245E-03    2.614868E-04
    1.570796E-01    0.000000E+00     4    1.744954E-10   -1.796600E+02  -1.744923E-10   -1.035471E-12
    1.570796E-01    0.000000E+00     5    5.489766E-04   -8.588000E+01   3.944156E-05   -5.475579E-04
    1.570796E-01    0.000000E+00     6    4.096473E-10   -1.519800E+02  -3.616299E-10   -1.924440E-10
